YREC
Measure Data	Version 1.01.03
Model	GP20
Language Code	UTF-8
Serial No.	S5W213003
Time Correction	None
Sampling Interval	1	s
Trigger Point	326
Equip Tag	
Equip TagNo.	
File Header	
File ID	5bc0dc21f96402fe000064aaa8ff	1
Start Info	Manual	Communication	
End Info	Manual	Communication	
Extra Data	Meas	Inst	PlusOver	999999999	MinusOver	-999999999
Extra Data	Math	Inst	PlusOver	999999999	MinusOver	-999999999
Extra Data	Ext	Inst	PlusOver	999999999	MinusOver	-999999999
Time Zone	540
DST	Off
Ch	0001	0002	0007	0101	0102	0105	0106	0107	0201	0203	0301	0302	0303	0304	Message
Ch Id	Water_flow_rate	current_trigger	Rotor_temp	1	3	16	17	8	Press_in	Press_out	water in 1	water in 2	water out 1	water out 2	 
Tag															 
Unit	V	V	°C	°C	°C	°C	°C	°C	V	V	°C	°C	°C	°C	 
Type	Meas	Meas	Meas	Meas	Meas	Meas	Meas	Meas	Meas	Meas	Meas	Meas	Meas	Meas	Message
Kind	Inst	Inst	Inst	Inst	Inst	Inst	Inst	Inst	Inst	Inst	Inst	Inst	Inst	Inst	Count
Sampling Data
2021/02/24 13:49:21	4.487	0.000	23.7						0.000	0.000	65.0	65.1	63.1	63.1	0
2021/02/24 13:49:22	4.487	0.000	23.6						0.000	0.000	65.0	65.1	63.1	63.1	0
2021/02/24 13:49:23	4.487	0.000	23.6						0.000	0.000	65.0	65.1	63.1	63.1	0
2021/02/24 13:49:24	4.487	0.000	23.7						0.000	0.000	65.0	65.1	63.1	63.1	0
2021/02/24 13:49:25	4.487	0.000	23.7						0.000	0.000	65.0	65.1	63.1	63.1	0
2021/02/24 13:49:26	4.487	0.000	23.7						0.000	0.000	65.0	65.1	63.1	63.1	0
2021/02/24 13:49:27	4.487	0.000	23.7						0.000	0.000	65.0	65.1	63.1	63.1	0
2021/02/24 13:49:28	4.487	0.000	23.7						0.000	0.000	65.0	65.1	63.1	63.1	0
2021/02/24 13:49:29	4.487	0.000	23.7						0.000	0.000	65.0	65.1	63.1	63.1	0
2021/02/24 13:49:30	4.487	0.000	23.7						0.000	0.000	65.0	65.1	63.1	63.1	0
2021/02/24 13:49:31	4.487	0.000	23.7						0.000	0.000	65.0	65.1	63.1	63.1	0
2021/02/24 13:49:32	4.488	0.000	23.7						0.000	0.000	65.0	65.1	63.1	63.1	0
2021/02/24 13:49:33	4.488	0.000	23.8						0.000	0.000	65.0	65.1	63.1	63.1	0
2021/02/24 13:49:34	4.488	0.000	23.7						0.000	0.000	65.0	65.1	63.1	63.1	0
2021/02/24 13:49:35	4.488	0.000	23.7						0.000	0.000	65.0	65.1	63.1	63.1	0
2021/02/24 13:49:36	4.488	0.000	23.7						0.000	0.000	65.0	65.1	63.1	63.1	0
2021/02/24 13:49:37	4.488	0.000	23.7						0.000	0.000	65.0	65.1	63.1	63.1	0
2021/02/24 13:49:38	4.488	0.000	23.7						0.000	0.000	65.0	65.1	63.1	63.1	0
2021/02/24 13:49:39	4.488	0.000	23.7						0.000	0.000	65.0	65.1	63.1	63.1	0
2021/02/24 13:49:40	4.488	0.000	23.7						0.000	0.000	65.0	65.1	63.1	63.1	0
2021/02/24 13:49:41	4.488	0.000	23.8						0.000	0.000	65.0	65.1	63.1	63.1	0
2021/02/24 13:49:42	4.488	0.000	23.8						0.000	0.000	65.0	65.1	63.1	63.1	0
2021/02/24 13:49:43	4.488	0.000	23.9						0.000	0.000	65.0	65.1	63.1	63.1	0
2021/02/24 13:49:44	4.488	0.000	23.9						0.000	0.000	65.0	65.1	63.1	63.1	0
2021/02/24 13:49:45	4.488	0.000	24.0						0.000	0.000	65.0	65.1	63.1	63.1	0
2021/02/24 13:49:46	4.488	0.000	24.0						0.000	0.000	65.0	65.1	63.1	63.1	0
2021/02/24 13:49:47	4.488	0.000	24.1						0.000	0.000	65.0	65.1	63.1	63.1	0
2021/02/24 13:49:48	4.488	0.000	24.1						0.000	0.000	65.0	65.1	63.1	63.1	0
2021/02/24 13:49:49	4.488	0.000	24.1						0.000	0.000	65.0	65.1	63.1	63.1	0
2021/02/24 13:49:50	4.488	0.000	24.1						0.000	0.000	65.0	65.1	63.1	63.1	0
2021/02/24 13:49:51	4.488	0.000	24.1						0.000	0.000	65.0	65.1	63.1	63.1	0
2021/02/24 13:49:52	4.488	0.000	24.2						0.000	0.000	65.0	65.1	63.1	63.1	0
2021/02/24 13:49:53	4.488	0.000	24.1						0.000	0.000	65.0	65.1	63.1	63.1	0
2021/02/24 13:49:54	4.488	0.000	24.2						0.000	0.000	65.0	65.1	63.1	63.1	0
2021/02/24 13:49:55	4.488	0.000	24.2						0.000	0.000	65.0	65.1	63.1	63.1	0
2021/02/24 13:49:56	4.488	0.000	24.2						0.000	0.000	65.0	65.1	63.1	63.1	0
2021/02/24 13:49:57	4.488	0.000	24.2						0.000	0.000	65.0	65.1	63.1	63.1	0
2021/02/24 13:49:58	4.488	0.000	24.2						0.000	0.000	65.0	65.1	63.1	63.1	0
2021/02/24 13:49:59	4.488	0.000	24.2						0.000	0.000	65.0	65.1	63.1	63.1	0
2021/02/24 13:50:00	4.488	0.000	24.2						0.000	0.000	65.0	65.1	63.1	63.1	0
2021/02/24 13:50:01	4.488	0.000	24.2						0.000	0.000	65.0	65.1	63.1	63.1	0
2021/02/24 13:50:02	4.488	0.000	24.2						0.000	0.000	65.0	65.1	63.1	63.1	0
2021/02/24 13:50:03	4.488	0.000	24.2						0.000	0.000	65.0	65.1	63.1	63.1	0
2021/02/24 13:50:04	4.488	0.000	24.3						0.000	0.000	65.0	65.1	63.1	63.1	0
2021/02/24 13:50:05	4.488	0.000	24.3						0.000	0.000	65.0	65.1	63.1	63.1	0
2021/02/24 13:50:06	4.488	0.000	24.3						0.000	0.000	65.0	65.1	63.1	63.1	0
2021/02/24 13:50:07	4.488	0.000	24.3						0.000	0.000	65.0	65.1	63.1	63.1	0
2021/02/24 13:50:08	4.488	0.000	24.3						0.000	0.000	65.0	65.1	63.1	63.1	0
2021/02/24 13:50:09	4.488	0.000	24.3						0.000	0.000	65.0	65.1	63.1	63.1	0
2021/02/24 13:50:10	4.488	0.000	24.3						0.000	0.000	65.0	65.1	63.1	63.1	0
2021/02/24 13:50:11	4.488	0.000	24.3						0.000	0.000	65.0	65.1	63.1	63.1	0
2021/02/24 13:50:12	4.488	0.000	24.3						0.000	0.000	65.0	65.1	63.1	63.1	0
2021/02/24 13:50:13	4.488	0.000	24.3						0.000	0.000	65.0	65.1	63.1	63.1	0
2021/02/24 13:50:14	4.488	0.000	24.3						0.000	0.000	65.0	65.1	63.1	63.1	0
2021/02/24 13:50:15	4.488	0.000	24.3						0.000	0.000	65.0	65.1	63.1	63.1	0
2021/02/24 13:50:16	4.488	0.000	24.3						0.000	0.000	65.0	65.1	63.1	63.1	0
2021/02/24 13:50:17	4.488	0.000	24.3						0.000	0.000	65.0	65.1	63.1	63.1	0
2021/02/24 13:50:18	4.488	0.000	24.4						0.000	0.000	65.0	65.1	63.1	63.1	0
2021/02/24 13:50:19	4.488	0.000	24.4						0.000	0.000	65.0	65.1	63.1	63.1	0
2021/02/24 13:50:20	4.488	0.000	24.4						0.000	0.000	65.0	65.1	63.1	63.1	0
2021/02/24 13:50:21	4.488	0.000	24.4						0.000	0.000	65.0	65.1	63.1	63.1	0
2021/02/24 13:50:22	4.488	0.000	24.4						0.000	0.000	65.0	65.1	63.1	63.1	0
2021/02/24 13:50:23	4.488	0.000	24.4						0.000	0.000	65.0	65.1	63.1	63.1	0
2021/02/24 13:50:24	4.488	0.000	24.4						0.000	0.000	65.0	65.1	63.1	63.1	0
2021/02/24 13:50:25	4.488	0.000	24.4						0.000	0.000	65.0	65.1	63.1	63.1	0
2021/02/24 13:50:26	4.488	0.000	24.4						0.000	0.000	65.0	65.1	63.1	63.1	0
2021/02/24 13:50:27	4.488	0.000	24.4						0.000	0.000	65.0	65.1	63.1	63.1	0
2021/02/24 13:50:28	4.488	0.000	24.4						0.000	0.000	65.0	65.1	63.1	63.1	0
2021/02/24 13:50:29	4.488	0.000	24.4						0.000	0.000	65.0	65.1	63.1	63.1	0
2021/02/24 13:50:30	4.488	0.000	24.4						0.000	0.000	65.0	65.1	63.1	63.1	0
2021/02/24 13:50:31	4.488	0.000	24.4						0.000	0.000	65.0	65.1	63.1	63.1	0
2021/02/24 13:50:32	4.488	0.000	24.4						0.000	0.000	65.0	65.1	63.1	63.1	0
2021/02/24 13:50:33	4.488	0.000	24.4						0.000	0.000	65.0	65.1	63.1	63.1	0
2021/02/24 13:50:34	4.488	0.000	24.4						0.000	0.000	65.0	65.1	63.1	63.1	0
2021/02/24 13:50:35	4.488	0.000	24.4						0.000	0.000	65.0	65.1	63.1	63.1	0
2021/02/24 13:50:36	4.488	0.000	24.4						0.000	0.000	65.0	65.1	63.1	63.1	0
2021/02/24 13:50:37	4.488	0.000	24.4						0.000	0.000	65.0	65.1	63.1	63.1	0
2021/02/24 13:50:38	4.488	0.000	24.4						0.000	0.000	65.0	65.1	63.1	63.1	0
2021/02/24 13:50:39	4.488	0.000	24.5						0.000	0.000	65.0	65.1	63.1	63.1	0
2021/02/24 13:50:40	4.488	0.000	24.4						0.000	0.000	65.0	65.1	63.1	63.1	0
2021/02/24 13:50:41	4.488	0.000	24.5						0.000	0.000	65.0	65.1	63.1	63.1	0
2021/02/24 13:50:42	4.488	0.000	24.4						0.000	0.000	65.0	65.1	63.1	63.1	0
2021/02/24 13:50:43	4.488	0.000	24.4						0.000	0.000	65.0	65.1	63.1	63.1	0
2021/02/24 13:50:44	4.488	0.000	24.4						0.000	0.000	65.0	65.1	63.1	63.1	0
2021/02/24 13:50:45	4.488	0.000	24.5						0.000	0.000	65.0	65.1	63.1	63.1	0
2021/02/24 13:50:46	4.488	0.000	24.5						0.000	0.000	65.0	65.1	63.1	63.1	0
2021/02/24 13:50:47	4.488	0.000	24.5						0.000	0.000	65.0	65.1	63.1	63.1	0
2021/02/24 13:50:48	4.488	0.000	24.5						0.000	0.000	65.0	65.1	63.1	63.1	0
2021/02/24 13:50:49	4.488	0.000	24.5						0.000	0.000	65.0	65.1	63.1	63.1	0
2021/02/24 13:50:50	4.488	0.000	24.5						0.000	0.000	65.0	65.1	63.1	63.1	0
2021/02/24 13:50:51	4.488	0.000	24.5						0.000	0.000	65.0	65.1	63.1	63.1	0
2021/02/24 13:50:52	4.488	0.000	24.5						0.000	0.000	65.0	65.1	63.1	63.1	0
2021/02/24 13:50:53	4.488	0.000	24.5						0.000	0.000	65.0	65.1	63.1	63.1	0
2021/02/24 13:50:54	4.488	0.000	24.5						0.000	0.000	65.0	65.1	63.1	63.1	0
2021/02/24 13:50:55	4.488	0.000	24.5						0.000	0.000	65.0	65.1	63.1	63.1	0
2021/02/24 13:50:56	4.488	0.000	24.5						0.000	0.000	65.0	65.1	63.1	63.1	0
2021/02/24 13:50:57	4.488	0.000	24.6						0.000	0.000	65.0	65.1	63.1	63.1	0
2021/02/24 13:50:58	4.488	0.000	24.6						0.000	0.000	65.0	65.1	63.1	63.1	0
2021/02/24 13:50:59	4.488	0.000	24.6						0.000	0.000	65.0	65.1	63.1	63.1	0
2021/02/24 13:51:00	4.488	0.000	24.6						0.000	0.000	65.0	65.1	63.1	63.1	0
2021/02/24 13:51:01	4.488	0.000	24.6						0.000	0.000	65.0	65.0	63.1	63.1	0
2021/02/24 13:51:02	4.488	0.000	24.6						0.000	0.000	65.0	65.0	63.1	63.1	0
2021/02/24 13:51:03	4.488	0.000	24.6						0.000	0.000	65.0	65.0	63.1	63.1	0
2021/02/24 13:51:04	4.488	0.000	24.6						0.000	0.000	65.0	65.0	63.1	63.1	0
2021/02/24 13:51:05	4.488	0.000	24.5						0.000	0.000	65.0	65.0	63.1	63.1	0
2021/02/24 13:51:06	4.488	0.000	24.5						0.000	0.000	65.0	65.0	63.1	63.1	0
2021/02/24 13:51:07	4.488	0.000	24.6						0.000	0.000	65.0	65.0	63.1	63.1	0
2021/02/24 13:51:08	4.488	0.000	24.6						0.000	0.000	65.0	65.0	63.1	63.1	0
2021/02/24 13:51:09	4.488	0.000	24.6						0.000	0.000	65.0	65.0	63.1	63.1	0
2021/02/24 13:51:10	4.488	0.000	24.6						0.000	0.000	65.0	65.0	63.1	63.1	0
2021/02/24 13:51:11	4.488	0.000	24.6						0.000	0.000	65.0	65.0	63.1	63.1	0
2021/02/24 13:51:12	4.487	0.000	24.6						0.000	0.000	65.0	65.0	63.1	63.1	0
2021/02/24 13:51:13	4.487	0.000	24.6						0.000	0.000	65.0	65.0	63.1	63.1	0
2021/02/24 13:51:14	4.487	0.000	24.6						0.000	0.000	65.0	65.0	63.1	63.1	0
2021/02/24 13:51:15	4.487	0.000	24.6						0.000	0.000	64.9	65.0	63.1	63.1	0
2021/02/24 13:51:16	4.487	0.000	24.6						0.000	0.000	64.9	65.0	63.1	63.1	0
2021/02/24 13:51:17	4.487	0.000	24.6						0.000	0.000	64.9	65.0	63.1	63.1	0
2021/02/24 13:51:18	4.487	0.000	24.6						0.000	0.000	64.9	65.0	63.1	63.1	0
2021/02/24 13:51:19	4.487	0.000	24.6						0.000	0.000	64.9	65.0	63.1	63.1	0
2021/02/24 13:51:20	4.487	0.000	24.6						0.000	0.000	64.9	65.0	63.1	63.1	0
2021/02/24 13:51:21	4.487	0.000	24.7						0.000	0.000	64.9	65.0	63.1	63.1	0
2021/02/24 13:51:22	4.487	0.000	24.6						0.000	0.000	64.9	65.0	63.1	63.1	0
2021/02/24 13:51:23	4.487	0.000	24.7						0.000	0.000	64.9	65.0	63.1	63.1	0
2021/02/24 13:51:24	4.487	0.000	24.7						0.000	0.000	64.9	65.0	63.1	63.1	0
2021/02/24 13:51:25	4.487	0.000	24.7						0.000	0.000	64.9	65.0	63.1	63.1	0
2021/02/24 13:51:26	4.487	0.000	24.7						0.000	0.000	64.9	65.0	63.1	63.1	0
2021/02/24 13:51:27	4.487	0.000	24.6						0.000	0.000	64.9	65.0	63.1	63.1	0
2021/02/24 13:51:28	4.487	0.000	24.7						0.000	0.000	64.9	65.0	63.1	63.1	0
2021/02/24 13:51:29	4.487	0.000	24.7						0.000	0.000	64.9	65.0	63.1	63.1	0
2021/02/24 13:51:30	4.487	0.000	24.6						0.000	0.000	64.9	65.0	63.1	63.1	0
2021/02/24 13:51:31	4.487	0.000	24.6						0.000	0.000	64.9	65.0	63.1	63.1	0
2021/02/24 13:51:32	4.487	0.000	24.6						0.000	0.000	64.9	65.0	63.1	63.1	0
2021/02/24 13:51:33	4.488	0.000	24.6						0.000	0.000	64.9	65.0	63.1	63.0	0
2021/02/24 13:51:34	4.488	0.000	24.6						0.000	0.000	64.9	65.0	63.0	63.0	0
2021/02/24 13:51:35	4.488	0.000	24.6						0.000	0.000	64.9	65.0	63.0	63.0	0
2021/02/24 13:51:36	4.488	0.000	24.7						0.000	0.000	64.9	65.0	63.0	63.0	0
2021/02/24 13:51:37	4.488	0.000	24.7						0.000	0.000	64.9	65.0	63.0	63.0	0
2021/02/24 13:51:38	4.488	0.000	24.7						0.000	0.000	64.9	65.0	63.0	63.0	0
2021/02/24 13:51:39	4.488	0.000	24.7						0.000	0.000	64.9	65.0	63.0	63.0	0
2021/02/24 13:51:40	4.488	0.000	24.7						0.000	0.000	64.9	65.0	63.0	63.0	0
2021/02/24 13:51:41	4.488	0.000	24.7						0.000	0.000	64.9	65.0	63.0	63.0	0
2021/02/24 13:51:42	4.488	0.000	24.7						0.000	0.000	64.9	65.0	63.0	63.0	0
2021/02/24 13:51:43	4.488	0.000	24.7						0.000	0.000	64.9	65.0	63.0	63.0	0
2021/02/24 13:51:44	4.488	0.000	24.7						0.000	0.000	64.9	65.0	63.0	63.0	0
2021/02/24 13:51:45	4.488	0.000	24.7						0.000	0.000	64.9	65.0	63.0	63.0	0
2021/02/24 13:51:46	4.488	0.000	24.7						0.000	0.000	64.9	65.0	63.0	63.0	0
2021/02/24 13:51:47	4.488	0.000	24.7						0.000	0.000	64.9	65.0	63.0	63.0	0
2021/02/24 13:51:48	4.488	0.000	24.7						0.000	0.000	64.9	65.0	63.0	63.0	0
2021/02/24 13:51:49	4.488	0.000	24.7						0.000	0.000	64.9	65.0	63.0	63.0	0
2021/02/24 13:51:50	4.488	0.000	24.7						0.000	0.000	64.9	65.0	63.0	63.0	0
2021/02/24 13:51:51	4.488	0.000	24.7						0.000	0.000	64.9	65.0	63.0	63.0	0
2021/02/24 13:51:52	4.488	0.000	24.8						0.000	0.000	64.9	65.0	63.0	63.0	0
2021/02/24 13:51:53	4.488	0.000	24.8						0.000	0.000	64.9	65.0	63.0	63.0	0
2021/02/24 13:51:54	4.488	0.000	24.7						0.000	0.000	64.9	65.0	63.0	63.0	0
2021/02/24 13:51:55	4.488	0.000	24.8						0.000	0.000	64.9	65.0	63.0	63.0	0
2021/02/24 13:51:56	4.488	0.000	24.7						0.000	0.000	64.9	65.0	63.0	63.0	0
2021/02/24 13:51:57	4.488	0.000	24.7						0.000	0.000	64.9	65.0	63.0	63.0	0
2021/02/24 13:51:58	4.488	0.000	24.8						0.000	0.000	64.9	65.0	63.0	63.0	0
2021/02/24 13:51:59	4.488	0.000	24.7						0.000	0.000	64.9	65.0	63.0	63.0	0
2021/02/24 13:52:00	4.489	0.000	24.7						0.000	0.000	64.9	65.0	63.0	63.0	0
2021/02/24 13:52:01	4.489	0.000	24.7						0.000	0.000	64.9	65.0	63.0	63.0	0
2021/02/24 13:52:02	4.489	0.000	24.7						0.000	0.000	64.9	65.0	63.0	63.0	0
2021/02/24 13:52:03	4.489	0.000	24.7						0.000	0.000	64.9	65.0	63.0	63.0	0
2021/02/24 13:52:04	4.489	0.000	24.7						0.000	0.000	64.9	65.0	63.0	63.0	0
2021/02/24 13:52:05	4.489	0.000	24.7						0.000	0.000	64.9	65.0	63.0	63.0	0
2021/02/24 13:52:06	4.489	0.000	24.7						0.000	0.000	64.9	65.0	63.0	63.0	0
2021/02/24 13:52:07	4.489	0.000	24.7						0.000	0.000	64.9	65.0	63.0	63.0	0
2021/02/24 13:52:08	4.489	0.000	24.7						0.000	0.000	64.9	65.0	63.0	63.0	0
2021/02/24 13:52:09	4.489	0.000	24.7						0.000	0.000	64.9	65.0	63.0	63.0	0
2021/02/24 13:52:10	4.489	0.000	24.7						0.000	0.000	64.9	65.0	63.0	63.0	0
2021/02/24 13:52:11	4.489	0.000	24.8						0.000	0.000	64.9	65.0	63.0	63.0	0
2021/02/24 13:52:12	4.489	0.000	24.8						0.000	0.000	64.9	65.0	63.0	63.0	0
2021/02/24 13:52:13	4.489	0.000	24.8						0.000	0.000	64.9	65.0	63.0	63.0	0
2021/02/24 13:52:14	4.489	0.000	24.8						0.000	0.000	64.9	65.0	63.0	63.0	0
2021/02/24 13:52:15	4.489	0.000	24.8						0.000	0.000	64.9	65.0	63.0	63.0	0
2021/02/24 13:52:16	4.489	0.000	24.8						0.000	0.000	64.9	65.0	63.0	63.0	0
2021/02/24 13:52:17	4.489	0.000	24.8						0.000	0.000	64.9	65.0	63.0	63.0	0
2021/02/24 13:52:18	4.489	0.000	24.8						0.000	0.000	64.9	65.0	63.0	63.0	0
2021/02/24 13:52:19	4.489	0.000	24.8						0.000	0.000	64.9	64.9	63.0	63.0	0
2021/02/24 13:52:20	4.489	0.000	24.8						0.000	0.000	64.9	64.9	63.0	63.0	0
2021/02/24 13:52:21	4.489	0.000	24.8						0.000	0.000	64.9	64.9	63.0	63.0	0
2021/02/24 13:52:22	4.489	0.000	24.8						0.000	0.000	64.9	64.9	63.0	63.0	0
2021/02/24 13:52:23	4.489	0.000	24.8						0.000	0.000	64.9	64.9	63.0	63.0	0
2021/02/24 13:52:24	4.489	0.000	24.8						0.000	0.000	64.9	64.9	63.0	63.0	0
2021/02/24 13:52:25	4.489	0.000	24.8						0.000	0.000	64.9	64.9	63.0	63.0	0
2021/02/24 13:52:26	4.489	0.000	24.8						0.000	0.000	64.9	64.9	63.0	63.0	0
2021/02/24 13:52:27	4.489	0.000	24.8						0.000	0.000	64.9	64.9	63.0	63.0	0
2021/02/24 13:52:28	4.489	0.000	24.8						0.000	0.000	64.9	64.9	63.0	63.0	0
2021/02/24 13:52:29	4.489	0.000	24.8						0.000	0.000	64.9	64.9	63.0	63.0	0
2021/02/24 13:52:30	4.489	0.000	24.8						0.000	0.000	64.9	64.9	63.0	63.0	0
2021/02/24 13:52:31	4.489	0.000	24.8						0.000	0.000	64.9	64.9	63.0	63.0	0
2021/02/24 13:52:32	4.489	0.000	24.8						0.000	0.000	64.9	64.9	63.0	63.0	0
2021/02/24 13:52:33	4.489	0.000	24.8						0.000	0.000	64.9	64.9	63.0	63.0	0
2021/02/24 13:52:34	4.489	0.000	24.8						0.000	0.000	64.9	64.9	63.0	63.0	0
2021/02/24 13:52:35	4.489	0.000	24.8						0.000	0.000	64.9	64.9	63.0	63.0	0
2021/02/24 13:52:36	4.489	0.000	24.9						0.000	0.000	64.9	64.9	63.0	63.0	0
2021/02/24 13:52:37	4.489	0.000	24.9						0.000	0.000	64.9	64.9	63.0	63.0	0
2021/02/24 13:52:38	4.489	0.000	24.9						0.000	0.000	64.9	64.9	63.0	63.0	0
2021/02/24 13:52:39	4.489	0.000	24.9						0.000	0.000	64.9	64.9	63.0	63.0	0
2021/02/24 13:52:40	4.489	0.000	24.9						0.000	0.000	64.9	64.9	63.0	63.0	0
2021/02/24 13:52:41	4.489	0.000	24.9						0.000	0.000	64.9	64.9	63.0	63.0	0
2021/02/24 13:52:42	4.489	0.000	24.8						0.000	0.000	64.9	64.9	63.0	63.0	0
2021/02/24 13:52:43	4.489	0.000	24.8						0.000	0.000	64.9	64.9	63.0	63.0	0
2021/02/24 13:52:44	4.489	0.000	24.8						0.000	0.000	64.9	64.9	63.0	63.0	0
2021/02/24 13:52:45	4.489	0.000	24.8						0.000	0.000	64.9	64.9	63.0	63.0	0
2021/02/24 13:52:46	4.489	0.000	24.8						0.000	0.000	64.9	64.9	63.0	63.0	0
2021/02/24 13:52:47	4.489	-0.001	24.9						0.000	0.000	64.9	64.9	63.0	63.0	0
2021/02/24 13:52:48	4.489	0.000	24.9						0.000	0.000	64.9	64.9	63.0	63.0	0
2021/02/24 13:52:49	4.489	-0.001	24.8						0.000	0.000	64.9	64.9	63.0	63.0	0
2021/02/24 13:52:50	4.489	-0.001	24.9						0.000	0.000	64.9	64.9	63.0	63.0	0
2021/02/24 13:52:51	4.489	-0.001	24.9						0.000	0.000	64.9	64.9	63.0	63.0	0
2021/02/24 13:52:52	4.489	-0.001	24.9						0.000	0.000	64.9	64.9	63.0	63.0	0
2021/02/24 13:52:53	4.489	-0.001	25.0						0.000	0.000	64.9	64.9	63.0	63.0	0
2021/02/24 13:52:54	4.489	-0.001	25.0						0.000	0.000	64.9	64.9	63.0	63.0	0
2021/02/24 13:52:55	4.489	-0.001	24.9						0.000	0.000	64.9	64.9	63.0	63.0	0
2021/02/24 13:52:56	4.489	-0.001	25.0						0.000	0.000	64.9	64.9	63.0	63.0	0
2021/02/24 13:52:57	4.489	-0.001	25.0						0.000	0.000	64.9	64.9	63.0	63.0	0
2021/02/24 13:52:58	4.489	0.000	25.0						0.000	0.000	64.9	64.9	63.0	63.0	0
2021/02/24 13:52:59	4.489	0.000	24.9						0.000	0.000	64.9	64.9	63.0	63.0	0
2021/02/24 13:53:00	4.489	0.000	25.0						0.000	0.000	64.9	64.9	63.0	63.0	0
2021/02/24 13:53:01	4.489	0.000	24.9						0.000	0.000	64.9	64.9	63.0	63.0	0
2021/02/24 13:53:02	4.489	0.000	24.9						0.000	0.000	64.9	64.9	63.0	63.0	0
2021/02/24 13:53:03	4.489	0.000	24.9						0.000	0.000	64.9	64.9	63.0	63.0	0
2021/02/24 13:53:04	4.489	0.000	24.9						0.000	0.000	64.9	64.9	63.0	63.0	0
2021/02/24 13:53:05	4.489	-0.001	24.9						0.000	0.000	64.9	64.9	63.0	63.0	0
2021/02/24 13:53:06	4.489	0.000	25.0						0.000	0.000	64.9	64.9	63.0	63.0	0
2021/02/24 13:53:07	4.489	-0.001	25.0						0.000	0.000	64.9	64.9	63.0	63.0	0
2021/02/24 13:53:08	4.489	-0.001	24.9						0.000	0.000	64.9	64.9	63.0	63.0	0
2021/02/24 13:53:09	4.489	-0.001	25.0						0.000	0.000	64.9	64.9	63.0	63.0	0
2021/02/24 13:53:10	4.489	0.000	25.0						0.000	0.000	64.9	64.9	63.0	63.0	0
2021/02/24 13:53:11	4.489	-0.001	25.0						0.000	0.000	64.9	64.9	63.0	63.0	0
2021/02/24 13:53:12	4.489	-0.001	24.9						0.000	0.000	64.9	64.9	63.0	63.0	0
2021/02/24 13:53:13	4.488	0.000	25.0						0.000	0.000	64.9	64.9	63.0	63.0	0
2021/02/24 13:53:14	4.488	-0.001	25.0						0.000	0.000	64.9	64.9	63.0	63.0	0
2021/02/24 13:53:15	4.488	-0.001	25.0						0.000	0.000	64.9	64.9	63.0	63.0	0
2021/02/24 13:53:16	4.488	-0.001	25.0						0.000	0.000	64.9	64.9	63.0	63.0	0
2021/02/24 13:53:17	4.488	-0.001	25.0						0.000	0.000	64.9	64.9	63.0	63.0	0
2021/02/24 13:53:18	4.488	0.000	25.0						0.000	0.000	64.9	64.9	63.0	63.0	0
2021/02/24 13:53:19	4.488	0.000	25.0						0.000	0.000	64.9	64.9	63.0	63.0	0
2021/02/24 13:53:20	4.488	-0.001	25.0						0.000	0.000	64.9	64.9	63.0	63.0	0
2021/02/24 13:53:21	4.488	0.000	25.0						0.000	0.000	64.9	64.9	63.0	63.0	0
2021/02/24 13:53:22	4.488	-0.001	25.0						0.000	0.000	64.9	64.9	63.0	63.0	0
2021/02/24 13:53:23	4.488	-0.001	25.0						0.000	0.000	64.9	64.9	63.0	63.0	0
2021/02/24 13:53:24	4.487	-0.001	25.0						0.000	0.000	64.9	64.9	63.0	63.0	0
2021/02/24 13:53:25	4.488	-0.001	25.0						0.000	0.000	64.9	64.9	63.0	63.0	0
2021/02/24 13:53:26	4.488	0.000	25.0						0.000	0.000	64.9	64.9	63.0	63.0	0
2021/02/24 13:53:27	4.488	0.000	25.0						0.000	0.000	64.9	64.9	63.0	63.0	0
2021/02/24 13:53:28	4.488	-0.001	25.0						0.000	0.000	64.9	64.9	63.0	63.0	0
2021/02/24 13:53:29	4.488	-0.001	25.0						0.000	0.000	64.9	64.9	63.0	63.0	0
2021/02/24 13:53:30	4.488	-0.001	25.0						0.000	0.000	64.9	64.9	63.0	63.0	0
2021/02/24 13:53:31	4.488	-0.001	25.0						0.000	0.000	64.9	64.9	63.0	63.0	0
2021/02/24 13:53:32	4.488	0.000	25.0						0.000	0.000	64.9	64.9	63.0	63.0	0
2021/02/24 13:53:33	4.488	-0.001	25.0						0.000	0.000	64.9	64.9	63.0	63.0	0
2021/02/24 13:53:34	4.488	0.000	25.0						0.000	0.000	64.9	64.9	63.0	63.0	0
2021/02/24 13:53:35	4.488	0.000	25.0						0.000	0.000	64.9	64.9	63.0	63.0	0
2021/02/24 13:53:36	4.488	0.000	25.0						0.000	0.000	64.9	64.9	63.0	63.0	0
2021/02/24 13:53:37	4.488	0.000	25.0						0.000	0.000	64.9	64.9	63.0	63.0	0
2021/02/24 13:53:38	4.488	-0.001	25.0						0.000	0.000	64.9	64.9	63.0	63.0	0
2021/02/24 13:53:39	4.488	0.000	25.0						0.000	0.000	64.9	64.9	63.0	63.0	0
2021/02/24 13:53:40	4.487	-0.001	25.0						0.000	0.000	64.9	64.9	63.0	63.0	0
2021/02/24 13:53:41	4.487	-0.001	25.0						0.000	0.000	64.9	64.9	63.0	63.0	0
2021/02/24 13:53:42	4.487	0.000	25.0						0.000	0.000	64.9	64.9	63.0	63.0	0
2021/02/24 13:53:43	4.487	-0.001	25.0						0.000	0.000	64.9	64.9	63.0	63.0	0
2021/02/24 13:53:44	4.487	0.000	25.0						0.000	0.000	64.9	64.9	63.0	63.0	0
2021/02/24 13:53:45	4.487	-0.001	25.0						0.000	0.000	64.9	64.9	63.0	63.0	0
2021/02/24 13:53:46	4.487	-0.001	25.0						0.000	0.000	64.9	64.9	63.0	63.0	0
2021/02/24 13:53:47	4.487	-0.001	25.0						0.000	0.000	64.9	64.9	63.0	63.0	0
2021/02/24 13:53:48	4.487	-0.001	25.0						0.000	0.000	64.9	64.9	63.0	63.0	0
2021/02/24 13:53:49	4.487	-0.001	25.0						0.000	0.000	64.9	64.9	63.0	63.0	0
2021/02/24 13:53:50	4.487	-0.001	25.0						0.000	0.000	64.9	64.9	63.0	63.0	0
2021/02/24 13:53:51	4.487	-0.001	25.0						0.000	0.000	64.9	64.9	63.0	63.0	0
2021/02/24 13:53:52	4.487	-0.001	25.0						0.000	0.000	64.9	64.9	63.0	63.0	0
2021/02/24 13:53:53	4.487	-0.001	25.0						0.000	0.000	64.9	64.9	63.0	63.0	0
2021/02/24 13:53:54	4.487	0.000	25.0						0.000	0.000	64.9	64.9	63.0	63.0	0
2021/02/24 13:53:55	4.487	0.000	25.0						0.000	0.000	64.9	64.9	63.0	63.0	0
2021/02/24 13:53:56	4.487	0.000	25.0						0.000	0.000	64.9	64.9	63.0	63.0	0
2021/02/24 13:53:57	4.487	2.999	24.9						0.000	0.000	64.9	64.9	63.0	63.0	0
2021/02/24 13:53:58	4.487	4.999	25.2						0.000	0.000	64.9	64.9	63.0	63.0	0
2021/02/24 13:53:59	4.487	4.999	25.0						0.000	0.000	64.9	64.9	63.0	63.0	0
2021/02/24 13:54:00	4.488	4.999	25.7						0.000	0.000	64.9	64.9	63.0	63.0	0
2021/02/24 13:54:01	4.488	4.998	25.2						0.000	0.000	64.9	64.9	63.0	63.0	0
2021/02/24 13:54:02	4.488	4.999	24.6						0.000	0.000	64.9	64.9	63.0	63.0	0
2021/02/24 13:54:03	4.488	4.999	25.0						0.000	0.000	64.9	64.9	63.0	63.0	0
2021/02/24 13:54:04	4.488	4.999	24.8						0.000	0.000	64.9	64.9	63.0	63.0	0
2021/02/24 13:54:05	4.488	4.999	25.3						0.000	0.000	64.9	64.9	63.0	63.0	0
2021/02/24 13:54:06	4.488	4.998	24.5						0.000	0.000	64.9	64.9	63.0	63.0	0
2021/02/24 13:54:07	4.488	4.999	25.7						0.000	0.000	64.9	64.9	63.0	63.0	0
2021/02/24 13:54:08	4.488	4.998	24.3						0.000	0.000	64.9	64.9	63.0	63.0	0
2021/02/24 13:54:09	4.488	4.998	25.5						0.000	0.000	64.9	64.9	63.0	63.0	0
2021/02/24 13:54:10	4.488	4.998	24.8						0.000	0.000	64.9	64.9	63.0	63.0	0
2021/02/24 13:54:11	4.488	4.998	25.3						0.000	0.000	64.9	64.9	63.0	63.0	0
2021/02/24 13:54:12	4.488	4.999	25.1						0.000	0.000	64.9	64.9	63.0	63.0	0
2021/02/24 13:54:13	4.489	4.999	24.9						0.000	0.000	64.9	64.9	63.0	63.0	0
2021/02/24 13:54:14	4.489	4.998	25.7						0.000	0.000	64.9	64.9	63.0	63.0	0
2021/02/24 13:54:15	4.489	4.998	24.8						0.000	0.000	64.9	64.9	63.0	63.0	0
2021/02/24 13:54:16	4.489	-0.001	25.1						0.000	0.000	64.9	64.9	63.0	63.0	0
2021/02/24 13:54:17	4.489	-0.001	25.0						0.000	0.000	64.9	64.9	63.1	63.0	0
2021/02/24 13:54:18	4.489	-0.001	25.1						0.000	0.000	64.9	64.9	63.1	63.0	0
2021/02/24 13:54:19	4.489	-0.001	25.1						0.000	0.000	64.9	64.9	63.1	63.0	0
2021/02/24 13:54:20	4.489	0.000	25.1						0.000	0.000	64.9	64.9	63.1	63.0	0
2021/02/24 13:54:21	4.489	-0.001	25.1						0.000	0.000	64.9	64.9	63.1	63.0	0
2021/02/24 13:54:22	4.489	-0.001	25.2						0.000	0.000	64.9	64.9	63.1	63.0	0
2021/02/24 13:54:23	4.489	-0.001	25.2						0.000	0.000	64.9	64.9	63.1	63.0	0
2021/02/24 13:54:24	4.489	-0.001	25.1						0.000	0.000	64.9	64.9	63.1	63.1	0
2021/02/24 13:54:25	4.489	-0.001	25.1						0.000	0.000	64.9	64.9	63.1	63.1	0
2021/02/24 13:54:26	4.489	-0.001	25.1						0.000	0.000	64.9	64.9	63.1	63.1	0
2021/02/24 13:54:27	4.490	-0.001	25.1						0.000	0.000	64.9	64.9	63.1	63.1	0
2021/02/24 13:54:28	4.490	-0.001	25.2						0.000	0.000	64.9	64.9	63.1	63.1	0
2021/02/24 13:54:29	4.490	-0.001	25.2						0.000	0.000	64.9	64.9	63.1	63.1	0
2021/02/24 13:54:30	4.490	0.000	25.2						0.000	0.000	64.9	64.9	63.1	63.1	0
2021/02/24 13:54:31	4.490	-0.001	25.2						0.000	0.000	64.9	64.9	63.1	63.1	0
2021/02/24 13:54:32	4.490	0.000	25.2						0.000	0.000	64.9	64.9	63.1	63.1	0
2021/02/24 13:54:33	4.490	0.000	25.3						0.000	0.000	64.9	64.9	63.1	63.1	0
2021/02/24 13:54:34	4.490	-0.001	25.2						0.000	0.000	64.9	64.9	63.1	63.1	0
2021/02/24 13:54:35	4.490	-0.001	25.2						0.000	0.000	64.9	64.9	63.1	63.1	0
2021/02/24 13:54:36	4.490	0.000	25.2						0.000	0.000	64.9	64.9	63.1	63.1	0
2021/02/24 13:54:37	4.490	0.000	25.2						0.000	0.000	64.9	64.9	63.1	63.1	0
2021/02/24 13:54:38	4.490	0.000	25.2						0.000	0.000	64.9	64.9	63.1	63.1	0
2021/02/24 13:54:39	4.490	-0.001	25.2						0.000	0.000	64.9	64.9	63.1	63.1	0
2021/02/24 13:54:40	4.490	0.000	25.2						0.000	0.000	64.9	64.9	63.1	63.1	0
2021/02/24 13:54:41	4.490	0.000	25.2						0.000	0.000	64.9	64.9	63.1	63.1	0
2021/02/24 13:54:42	4.490	-0.001	25.2						0.000	0.000	64.9	64.9	63.1	63.1	0
2021/02/24 13:54:43	4.490	-0.001	25.2						0.000	0.000	64.9	64.9	63.1	63.1	0
2021/02/24 13:54:44	4.490	-0.001	25.2						0.000	0.000	64.9	64.9	63.1	63.1	0
2021/02/24 13:54:45	4.490	-0.001	25.2						0.000	0.000	64.9	64.9	63.1	63.1	0
2021/02/24 13:54:46	4.490	0.000	25.2						0.000	0.000	64.9	64.9	63.1	63.1	0
2021/02/24 13:54:47	4.490	-0.001	25.3						0.000	0.000	64.9	64.9	63.1	63.1	0
