recorder_time	SPEED	TORQUE_20HZ	UI_VALUE_SET_CURRENT	Ierms	Irms_1	Irms_2	Irms_3	Urms_12	Urms_31	Urms_23	Pfact_D	Pin	PM	UI_VALUE_DCURRENT	UI_VALUE_QCURRENT	UI_VALUE_DVOLTAGE	UI_VALUE_QVOLTAGE	UI_VALUE_ANG_LOAD	UI_LINK_VOLTAGE	UI_VALUE_SET_ANGLE	UI_MAX_MOTOR_VOLTAGE	Ubat_m	Ibat_m	PFact_1	PFact_2	PFact_3	Pow1	Pow2	Pow3	Phi_ui1	Phi_ui2	Phi_ui3	Ufrms_1	Ufrms_2	Ufrms_3	UI_IGBT_Temp	Real_Time	UI_VALUE_SPEED	UI_VALUE_PLS_FRQ	
ms	rpm	Nm	A	A	A	A	A	V	V	V	-	kW	kW	A	A	V	V	?V	?V	V	-	-	-	-	kW	kW	kW	-	-	-	V	V	V	蚓	-	rpm	Hz	
108	-1000	0.42720	0.00	0.42	0.38	0.37	0.49	35.90	35.93	36.00	-0.2496	-0.0065	-0.0473	0.07	-0.11	0.01	37.07	-0.05	369.88	125.00	350.00	370.21	0.17	0.3880	-0.0768	0.3982	0.00	-0.00	0.00	34.15	-15.98	-48.83	20.71	20.76	20.77	29.91	135550	998.29	6000.00	
208	-1000	0.42583	0.00	0.43	0.35	0.42	0.51	35.92	35.94	36.01	-0.2577	-0.0070	-0.0450	0.01	-0.03	0.01	37.06	-0.95	369.82	125.00	350.00	370.30	0.57	0.2655	0.0529	0.4244	0.00	0.00	0.00	70.69	-61.84	-21.89	20.72	20.77	20.78	29.66	135550	998.60	6000.00	
308	-1000	0.43109	0.00	0.41	0.38	0.38	0.47	35.93	35.93	35.98	-0.2355	-0.0062	-0.0455	0.01	-0.01	0.01	37.04	-0.35	369.52	125.00	350.00	370.27	0.62	0.2550	0.1230	0.3133	0.00	0.00	0.00	-2.95	-6.51	-39.25	20.73	20.76	20.76	29.41	135550	998.58	6000.00	
408	-1000	0.44031	0.00	0.39	0.36	0.37	0.44	35.93	35.91	35.99	-0.2482	-0.0060	-0.0455	0.07	-0.01	-0.00	37.07	-0.08	369.79	125.00	350.00	370.19	0.64	0.1202	0.1588	0.4305	0.00	0.00	0.00	-70.68	-83.56	-26.22	20.72	20.77	20.76	29.25	135550	998.59	6000.00	
508	-1000	0.43447	0.00	0.37	0.36	0.37	0.39	35.93	35.93	35.99	-0.2137	-0.0050	-0.0479	0.03	0.03	0.01	37.04	-0.99	369.76	125.00	350.00	370.18	0.81	0.1290	0.1465	0.3560	0.00	0.00	0.00	-59.91	-85.95	-22.96	20.73	20.77	20.76	29.34	135550	998.70	6000.00	
608	-1000	0.43201	0.00	0.40	0.32	0.39	0.47	35.92	35.90	35.99	-0.3179	-0.0079	-0.0448	-0.01	-0.05	0.00	37.05	-0.15	369.42	125.00	350.00	370.18	0.55	0.2712	0.1148	0.5294	0.00	0.00	0.01	23.39	-65.97	-23.14	20.71	20.77	20.76	29.59	135550	998.37	6000.00	
708	-1000	0.40987	0.00	0.39	0.35	0.36	0.45	35.95	35.95	36.02	-0.1510	-0.0037	-0.0441	0.05	0.01	-0.00	37.07	-0.84	369.70	125.00	350.00	370.18	0.57	0.0410	-0.0129	0.3934	0.00	-0.00	0.00	81.14	-76.19	-0.97	20.74	20.78	20.78	29.55	135550	998.40	6000.00	
808	-1000	0.40898	0.00	0.42	0.35	0.40	0.49	35.93	35.91	36.01	-0.2101	-0.0055	-0.0443	0.03	-0.00	0.01	37.02	-0.91	369.74	125.00	350.00	370.30	0.53	0.1093	-0.0745	0.5219	0.00	-0.00	0.01	94.41	-100.60	-17.55	20.72	20.78	20.77	29.66	135550	998.60	6000.00	
908	-1000	0.45577	0.00	0.43	0.37	0.42	0.49	35.92	35.93	36.01	-0.2928	-0.0080	-0.0473	-0.03	-0.08	0.01	37.03	-0.66	369.63	125.00	350.00	370.26	0.34	0.2684	0.1132	0.4675	0.00	0.00	0.00	29.69	-85.13	-9.60	20.72	20.77	20.78	29.41	135551	998.57	6000.00	
1008	-1000	0.46154	0.00	0.41	0.34	0.40	0.48	35.93	35.91	36.00	-0.3292	-0.0084	-0.0481	0.09	-0.03	-0.00	37.02	-1.01	369.53	125.00	350.00	370.23	0.49	0.2951	0.0800	0.5656	0.00	0.00	0.01	27.16	-89.95	-20.50	20.72	20.78	20.76	29.25	135551	998.30	6000.00	
1108	-1000	0.44944	0.00	0.43	0.38	0.40	0.50	35.93	35.94	36.01	-0.2784	-0.0074	-0.0471	0.02	-0.01	0.01	37.03	-0.15	369.63	125.00	350.00	370.12	0.35	0.3072	0.1193	0.3915	0.00	0.00	0.00	39.44	-46.50	-35.12	20.73	20.77	20.78	29.34	135551	998.34	6000.00	
1208	-1000	0.44860	0.00	0.44	0.35	0.42	0.53	35.94	35.92	36.01	-0.3003	-0.0082	-0.0478	-0.02	-0.08	0.01	37.04	-0.84	369.68	125.00	350.00	370.11	0.49	0.1881	0.1064	0.5393	0.00	0.00	0.01	88.72	-75.63	-20.48	20.73	20.78	20.77	29.59	135551	998.56	6000.00	
1308	-1000	0.44735	0.00	0.40	0.35	0.37	0.46	35.94	35.94	36.01	-0.2282	-0.0056	-0.0455	0.09	-0.05	-0.01	37.04	-0.65	369.77	125.00	350.00	370.25	0.45	0.1390	0.0506	0.4396	0.00	0.00	0.00	0.85	-95.29	-30.56	20.73	20.78	20.78	29.75	135551	998.60	6000.00	
1408	-1000	0.44961	0.00	0.38	0.29	0.36	0.47	35.94	35.94	36.00	-0.2467	-0.0058	-0.0462	-0.00	-0.00	-0.01	37.03	-0.84	369.90	125.00	350.00	370.27	0.60	0.1934	0.1430	0.3568	0.00	0.00	0.00	-54.79	-60.14	-32.04	20.73	20.77	20.77	29.66	135551	998.70	6000.00	
1508	-1000	0.44336	0.00	0.40	0.35	0.38	0.47	35.93	35.92	36.00	-0.2677	-0.0068	-0.0466	-0.02	-0.01	0.02	37.02	-1.00	369.68	125.00	350.00	370.31	0.45	0.2075	0.0654	0.4764	0.00	0.00	0.00	30.02	-87.63	-29.42	20.72	20.77	20.77	29.41	135551	998.57	6000.00	
1608	-1000	0.41763	0.00	0.42	0.39	0.37	0.49	35.93	35.91	35.98	-0.3200	-0.0084	-0.0459	0.03	-0.02	0.00	37.03	-0.15	369.85	125.00	350.00	370.16	0.53	0.3201	0.2605	0.3670	0.00	0.00	0.00	-30.31	-50.12	-29.61	20.72	20.76	20.75	29.25	135551	998.30	6000.00	
1708	-1000	0.40204	0.00	0.45	0.42	0.38	0.52	35.90	35.88	35.96	-0.3179	-0.0089	-0.0450	0.04	-0.02	0.01	37.04	-0.84	369.64	125.00	350.00	370.18	0.46	0.3887	0.1479	0.4027	0.00	0.00	0.00	32.28	-53.90	-37.46	20.70	20.75	20.74	29.34	135551	998.34	6000.00	
1808	-1000	0.44078	0.00	0.39	0.32	0.39	0.45	35.93	35.93	35.99	-0.1409	-0.0034	-0.0443	-0.05	-0.03	0.02	37.02	-0.36	369.70	125.00	350.00	370.18	0.60	0.1343	-0.0287	0.2957	0.00	-0.00	0.00	-57.73	-99.61	-44.13	20.73	20.77	20.77	29.59	135551	998.36	6000.00	
1908	-1000	0.44318	0.00	0.41	0.33	0.39	0.49	35.92	35.91	36.00	-0.2840	-0.0074	-0.0468	0.07	-0.02	0.00	37.04	-0.64	370.08	125.00	350.00	370.20	0.46	0.2257	0.0707	0.5036	0.00	0.00	0.01	20.67	-83.92	-31.62	20.71	20.77	20.76	29.75	135552	998.60	6000.00	
2008	-1000	0.43386	0.00	0.39	0.36	0.38	0.42	35.91	35.93	36.00	-0.2190	-0.0053	-0.0470	0.01	0.03	0.00	37.01	-0.92	370.15	125.00	350.00	370.23	0.38	0.2095	-0.0131	0.4391	0.00	-0.00	0.00	-17.82	-108.26	-33.95	20.72	20.76	20.77	29.66	135552	998.70	6000.00	
2108	-1000	0.41441	0.00	0.39	0.33	0.38	0.46	35.94	35.93	35.99	-0.2513	-0.0062	-0.0449	0.01	-0.05	0.00	37.03	-0.10	369.93	125.00	350.00	370.30	0.37	0.1133	0.1847	0.4079	0.00	0.00	0.00	-50.39	-75.46	-22.01	20.73	20.77	20.77	29.41	135552	998.57	6000.00	
2208	-1000	0.42786	0.00	0.43	0.35	0.38	0.52	35.92	35.91	35.97	-0.1669	-0.0045	-0.0471	-0.04	-0.02	-0.00	37.03	-0.99	369.65	125.00	350.00	370.16	0.93	0.1448	0.0443	0.2561	0.00	0.00	0.00	72.75	63.95	-13.61	20.72	20.76	20.75	29.25	135552	998.21	6000.00	
2308	-1000	0.40302	0.00	0.41	0.35	0.37	0.49	35.92	35.91	35.99	-0.2039	-0.0052	-0.0448	-0.01	0.03	0.00	37.02	-0.35	369.52	125.00	350.00	370.11	0.53	0.1173	0.0026	0.4261	0.00	0.00	0.00	80.16	-85.30	-28.58	20.71	20.77	20.76	29.34	135552	998.29	6000.00	
2408	-1000	0.42753	0.00	0.41	0.35	0.41	0.45	35.94	35.94	36.02	-0.1219	-0.0034	-0.0476	-0.06	-0.05	0.01	37.03	-0.84	369.45	125.00	350.00	370.14	0.56	0.0432	-0.0805	0.3729	0.00	-0.00	0.00	22.55	-101.84	-39.80	20.73	20.78	20.78	29.59	135552	998.36	6000.00	
2508	-1000	0.40975	0.00	0.45	0.37	0.45	0.51	35.94	35.94	36.00	-0.2628	-0.0075	-0.0439	0.06	-0.05	0.00	37.03	-1.00	369.84	125.00	350.00	370.25	0.74	0.1498	0.1171	0.4730	0.00	0.00	0.01	-17.46	-76.18	-12.41	20.73	20.77	20.77	29.75	135552	998.30	6000.00	
2608	-1000	0.44620	0.00	0.41	0.37	0.38	0.46	35.93	35.93	36.00	-0.1677	-0.0043	-0.0486	0.04	0.07	-0.01	37.01	-0.05	369.88	125.00	350.00	370.31	0.55	0.0624	0.0419	0.3557	0.00	0.00	0.00	-103.19	-91.87	-16.74	20.73	20.77	20.77	29.66	135552	998.34	6000.00	
2708	-1000	0.42840	0.00	0.38	0.31	0.37	0.45	35.93	35.93	36.00	-0.2927	-0.0070	-0.0438	-0.01	-0.03	-0.00	37.01	-0.95	369.84	125.00	350.00	370.29	0.39	0.2846	0.1883	0.3979	0.00	0.00	0.00	-54.09	-56.72	-27.55	20.73	20.77	20.77	29.41	135552	998.56	6000.00	
2808	-1000	0.44560	0.00	0.39	0.36	0.41	0.40	35.94	35.92	35.99	-0.2898	-0.0070	-0.0470	0.03	-0.05	0.01	37.04	-0.65	369.36	125.00	350.00	370.13	0.34	0.1229	0.2141	0.4870	0.00	0.00	0.00	28.18	-58.02	-7.63	20.73	20.77	20.76	29.25	135552	998.01	6000.00	
2908	-1000	0.44620	0.00	0.41	0.33	0.41	0.49	35.93	35.95	35.99	-0.2795	-0.0073	-0.0486	0.04	-0.03	0.00	37.03	-0.84	369.72	125.00	350.00	370.19	0.54	0.3594	0.1910	0.3075	0.00	0.00	0.00	-18.87	-14.93	-41.02	20.73	20.76	20.77	29.34	135553	998.00	6000.00	
3008	-1000	0.42777	0.00	0.44	0.38	0.40	0.51	35.92	35.91	35.97	-0.2836	-0.0077	-0.0461	-0.03	-0.02	0.01	37.03	-1.00	370.05	125.00	350.00	370.18	0.74	0.2442	0.2350	0.3562	0.00	0.00	0.00	11.32	-0.60	-24.63	20.72	20.76	20.75	29.59	135553	998.00	6000.00	
3108	-1000	0.43977	0.00	0.46	0.39	0.42	0.55	35.91	35.92	35.99	-0.3780	-0.0112	-0.0475	0.03	-0.06	-0.00	37.05	-0.34	370.22	125.00	350.00	370.21	0.39	0.4399	0.2410	0.4463	0.00	0.00	0.01	-20.96	-54.44	-29.45	20.72	20.76	20.77	29.75	135553	998.00	6000.00	
3208	-1000	0.42464	0.00	0.42	0.38	0.39	0.47	35.93	35.92	35.99	-0.3241	-0.0086	-0.0462	0.02	-0.04	0.01	37.03	-0.99	370.12	125.00	350.00	370.20	0.48	0.3123	0.1876	0.4539	0.00	0.00	0.00	25.78	-73.21	-21.09	20.72	20.77	20.76	29.66	135553	998.00	6000.00	
3308	-1000	0.41058	0.00	0.43	0.40	0.37	0.49	35.92	35.90	35.97	-0.2500	-0.0067	-0.0450	-0.03	-0.03	0.00	37.02	-0.44	369.58	125.00	350.00	370.28	0.50	0.3049	0.0753	0.3406	0.00	0.00	0.00	28.81	5.24	-48.77	20.72	20.76	20.75	29.41	135553	998.00	6000.00	
3408	-1000	0.47499	0.00	0.43	0.40	0.40	0.49	35.94	35.94	36.02	-0.2283	-0.0064	-0.0494	0.02	-0.05	0.00	37.04	-0.68	369.55	125.00	350.00	370.18	0.23	0.1096	0.0442	0.4742	0.00	0.00	0.01	84.77	-95.74	-21.77	20.73	20.78	20.78	29.25	135553	998.00	6000.00	
3508	-1000	0.41176	0.00	0.42	0.38	0.39	0.47	35.94	35.93	36.01	-0.1709	-0.0047	-0.0467	0.01	0.02	0.00	37.02	-1.01	369.88	125.00	350.00	370.16	0.58	0.0415	-0.0818	0.4889	0.00	-0.00	0.00	98.63	-100.75	-18.42	20.73	20.78	20.77	29.34	135553	998.00	6000.00	
3608	-1000	0.42951	0.00	0.43	0.39	0.39	0.51	35.92	35.92	36.02	-0.3138	-0.0087	-0.0455	0.01	-0.03	0.01	37.02	-0.14	369.88	125.00	350.00	370.17	0.62	0.2465	0.0170	0.6022	0.00	0.00	0.01	75.74	-98.08	-17.80	20.71	20.78	20.78	29.59	135553	998.00	6000.00	
3708	-1000	0.42295	0.00	0.41	0.37	0.37	0.46	35.92	35.92	36.01	-0.2649	-0.0069	-0.0458	0.03	-0.01	0.00	37.02	-0.99	369.93	125.00	350.00	370.17	0.68	0.1799	0.0957	0.4734	0.00	0.00	0.00	20.49	-92.42	-16.17	20.71	20.77	20.77	29.75	135553	998.59	6000.00	
3808	-1000	0.41802	0.00	0.40	0.33	0.42	0.45	35.95	35.93	36.02	-0.1416	-0.0036	-0.0461	-0.02	0.04	0.02	37.02	-0.15	369.54	125.00	350.00	370.29	0.62	-0.0291	-0.0198	0.4264	-0.00	-0.00	0.00	48.29	-100.64	-12.12	20.73	20.79	20.78	29.66	135553	998.04	6000.00	
3908	-1000	0.45816	0.00	0.45	0.43	0.37	0.54	35.90	35.90	35.99	-0.2968	-0.0086	-0.0474	0.00	-0.01	0.01	37.02	-0.84	369.33	125.00	350.00	370.19	0.46	0.4121	0.0017	0.4071	0.00	-0.00	0.00	43.43	-111.78	-38.06	20.71	20.76	20.76	29.41	135554	998.10	6000.00	
4008	-1000	0.44440	0.00	0.36	0.26	0.36	0.44	35.94	35.94	36.01	-0.3205	-0.0071	-0.0467	0.05	-0.08	-0.00	37.05	-0.74	369.44	125.00	350.00	370.19	0.33	0.2261	0.2373	0.4634	0.00	0.00	0.00	-36.42	-64.99	-18.59	20.73	20.78	20.78	29.25	135554	998.00	6000.00	
4108	-1000	0.42332	0.00	0.39	0.34	0.39	0.43	35.95	35.91	35.97	-0.2330	-0.0057	-0.0447	0.04	0.07	-0.00	37.01	-0.39	369.86	125.00	350.00	370.10	0.52	0.0492	0.2648	0.3592	0.00	0.00	0.00	-79.50	-63.55	-13.77	20.73	20.77	20.75	29.34	135554	998.00	6000.00	
4208	-1000	0.42229	0.00	0.40	0.33	0.38	0.47	35.93	35.94	35.98	-0.2855	-0.0071	-0.0460	0.00	-0.01	0.02	37.03	-1.00	369.66	125.00	350.00	370.19	0.39	0.3156	0.2382	0.3071	0.00	0.00	0.00	50.33	-52.80	-26.09	20.73	20.76	20.76	29.59	135554	998.00	6000.00	
4308	-1000	0.43233	0.00	0.44	0.37	0.44	0.49	35.93	35.91	35.98	-0.2690	-0.0073	-0.0465	0.02	-0.01	0.00	37.03	-0.15	369.41	125.00	350.00	370.22	0.42	0.2276	0.1315	0.4218	0.00	0.00	0.00	15.83	-76.29	-30.54	20.72	20.77	20.76	29.75	135554	998.00	6000.00	
4408	-1000	0.42996	0.00	0.46	0.37	0.43	0.56	35.92	35.89	35.97	-0.3499	-0.0100	-0.0471	0.01	0.08	0.01	37.02	-0.95	369.92	125.00	350.00	370.32	0.36	0.3800	0.1046	0.5266	0.00	0.00	0.01	37.86	-66.75	-30.59	20.71	20.76	20.75	29.66	135554	998.00	6000.00	
4508	-1000	0.44365	0.00	0.39	0.31	0.39	0.46	35.94	35.95	36.02	-0.2732	-0.0067	-0.0447	-0.02	-0.01	0.02	37.02	-1.00	369.50	125.00	350.00	370.23	0.72	0.0859	0.1875	0.4831	0.00	0.00	0.00	6.31	-73.42	-2.84	20.74	20.78	20.78	29.41	135554	998.00	6000.00	
4608	-1000	0.46532	0.00	0.41	0.31	0.42	0.48	35.94	35.94	36.01	-0.1444	-0.0037	-0.0502	-0.01	-0.01	0.01	37.04	-0.40	369.66	125.00	350.00	370.18	0.56	-0.1196	0.0763	0.3756	-0.00	0.00	0.00	16.70	-84.67	-15.04	20.73	20.78	20.77	29.25	135554	998.00	6000.00	
4708	-1000	0.47088	0.00	0.45	0.40	0.42	0.53	35.93	35.94	36.01	-0.3416	-0.0098	-0.0469	0.00	0.06	0.02	37.02	-1.00	369.78	125.00	350.00	370.16	0.37	0.2916	0.1678	0.5230	0.00	0.00	0.01	41.19	-75.05	-22.07	20.73	20.78	20.78	29.34	135554	998.00	6000.00	
4808	-1000	0.42193	0.00	0.47	0.37	0.47	0.54	35.93	35.94	36.01	-0.1666	-0.0051	-0.0440	-0.01	-0.00	0.00	37.02	-0.41	369.68	125.00	350.00	370.20	0.73	0.2081	-0.0676	0.3457	0.00	-0.00	0.00	-13.76	-100.62	-34.32	20.73	20.77	20.78	29.59	135554	998.35	6000.00	
4908	-1000	0.42883	0.00	0.44	0.38	0.39	0.52	35.94	35.94	36.01	-0.1899	-0.0052	-0.0467	0.06	-0.08	0.01	37.04	-0.86	369.52	125.00	350.00	370.25	0.53	0.1428	-0.0052	0.3762	0.00	-0.00	0.00	42.26	-15.66	-7.14	20.73	20.78	20.78	29.75	135555	998.55	6000.00	
5008	-1000	0.39943	0.00	0.42	0.38	0.39	0.47	35.93	35.94	36.01	-0.2465	-0.0065	-0.0460	0.02	0.05	0.01	37.01	-0.91	369.32	125.00	350.00	370.28	0.12	0.2111	0.0828	0.4133	0.00	0.00	0.00	4.39	-83.03	-20.53	20.72	20.77	20.78	29.66	135555	998.55	6000.00	
5108	-1000	0.45078	0.00	0.39	0.34	0.36	0.45	35.93	35.95	36.01	-0.1235	-0.0030	-0.0439	-0.05	-0.02	0.00	37.04	-0.36	369.75	125.00	350.00	370.23	0.71	0.1670	0.0004	0.2083	0.00	-0.00	0.00	-75.23	-73.88	-45.79	20.73	20.77	20.78	29.41	135555	998.67	6000.00	
5208	-1000	0.43275	0.00	0.39	0.33	0.38	0.46	35.94	35.94	35.99	-0.2547	-0.0063	-0.0479	0.07	-0.02	0.01	37.02	-1.00	369.89	125.00	350.00	370.15	0.59	0.1895	0.1306	0.4207	0.00	0.00	0.00	21.46	-60.05	-21.81	20.73	20.77	20.77	29.25	135555	998.34	6000.00	
5308	-1000	0.41528	0.00	0.38	0.36	0.34	0.43	35.91	35.92	35.98	-0.2074	-0.0048	-0.0450	0.04	0.01	0.01	37.03	-0.05	369.84	125.00	350.00	370.12	0.63	0.1819	0.1054	0.3110	0.00	0.00	0.00	17.80	-24.39	-35.65	20.72	20.76	20.76	29.34	135555	998.04	6000.00	
5408	-1000	0.45139	0.00	0.41	0.41	0.32	0.47	35.90	35.91	35.98	-0.2220	-0.0058	-0.0465	0.01	-0.07	0.01	37.02	-0.95	369.95	125.00	350.00	370.26	0.67	0.2922	0.0490	0.2919	0.00	0.00	0.00	-13.34	-118.69	-50.63	20.71	20.75	20.76	29.59	135555	998.00	6000.00	
5508	-1000	0.42494	72.80	0.41	0.36	0.37	0.50	35.92	35.94	35.99	-0.2896	-0.0076	-0.0457	0.03	-0.04	-0.00	37.06	-0.65	369.74	125.00	350.00	370.28	0.66	0.3161	0.2092	0.3333	0.00	0.00	0.00	14.31	-43.54	-24.36	20.73	20.76	20.77	29.75	135555	998.00	6000.00	
5608	-1001	-0.30960	100.43	0.47	0.44	0.42	0.55	35.95	35.92	35.99	0.1557	0.0054	0.0494	-1.04	0.51	-0.60	37.44	0.01	370.14	125.00	350.00	370.30	0.51	-0.3051	-0.0598	-0.1005	-0.00	-0.00	-0.00	121.28	37.94	82.77	20.73	20.77	20.76	29.66	135555	998.56	6000.00	
5708	-1003	-3.11780	100.02	5.31	5.38	5.16	5.37	35.54	35.54	35.58	0.5628	0.1818	0.3704	-8.57	4.14	-2.50	39.13	2.15	369.79	125.00	350.00	370.20	0.81	-0.5805	-0.5562	-0.5495	-0.06	-0.06	-0.06	128.37	124.54	126.76	20.51	20.53	20.53	29.41	135555	998.96	6000.00	
5808	-1004	-8.38584	100.00	15.38	15.31	15.20	15.62	34.89	35.08	34.96	0.6404	0.6077	0.9352	-19.85	13.19	-3.62	40.70	4.05	369.55	125.00	350.00	370.22	2.40	-0.6488	-0.6323	-0.6368	-0.20	-0.20	-0.21	132.20	129.13	130.09	20.20	20.13	20.24	29.25	135555	999.85	6000.00	
5908	-1004	-13.86085	100.00	24.33	24.54	23.89	24.54	34.76	34.90	34.88	0.7722	1.1399	1.4962	-28.44	25.27	-4.51	41.69	5.09	369.74	125.00	350.00	370.14	4.27	-0.7799	-0.7728	-0.7614	-0.39	-0.37	-0.38	142.35	139.89	139.86	20.09	20.08	20.17	29.34	135556	1000.96	6000.00	
6008	-1003	-18.83632	100.00	33.88	33.81	33.48	34.34	34.85	34.87	34.80	0.8523	1.7454	2.0107	-34.12	36.60	-5.48	42.41	6.64	369.48	125.00	350.00	370.15	5.81	-0.8596	-0.8478	-0.8502	-0.59	-0.57	-0.59	150.24	147.32	148.75	20.13	20.09	20.10	29.59	135556	1001.29	6000.00	
6108	-1003	-23.56335	100.00	41.86	42.01	41.52	42.04	34.91	34.90	34.92	0.8890	2.2511	2.5262	-39.60	46.53	-6.28	42.99	7.36	369.88	125.00	350.00	370.31	7.27	-0.8925	-0.8892	-0.8857	-0.76	-0.74	-0.75	153.98	152.29	152.85	20.13	20.15	20.15	29.75	135556	1001.04	6000.00	
6208	-1002	-27.00431	100.00	49.28	49.21	49.05	49.56	35.09	35.16	35.12	0.9183	2.7530	2.8611	-44.88	55.29	-6.95	43.29	8.36	370.02	125.00	350.00	370.26	8.78	-0.9205	-0.9169	-0.9179	-0.92	-0.91	-0.92	157.75	156.02	157.11	20.26	20.24	20.28	29.66	135556	1001.00	6000.00	
6308	-1002	-30.80013	100.00	54.79	54.62	54.48	55.26	35.20	35.29	35.21	0.9296	3.1094	3.2694	-48.63	62.65	-7.63	43.65	9.10	369.84	125.00	350.00	370.18	9.61	-0.9322	-0.9271	-0.9296	-1.04	-1.03	-1.05	159.57	157.58	158.70	20.34	20.30	20.35	29.41	135556	1000.15	6000.00	
6408	-1002	-34.14156	100.00	61.09	61.01	60.69	61.56	35.45	35.51	35.42	0.9437	3.5416	3.6025	-52.43	70.09	-8.20	43.72	9.99	369.70	125.00	350.00	370.08	11.52	-0.9464	-0.9421	-0.9433	-1.18	-1.17	-1.19	161.91	160.02	160.92	20.47	20.43	20.46	29.25	135556	1000.00	6000.00	
6508	-1001	-36.32182	100.00	65.67	65.38	66.02	65.62	35.45	35.57	35.58	0.9510	3.8441	3.8250	-56.38	75.68	-8.64	43.81	10.65	369.43	125.00	350.00	370.23	11.75	-0.9498	-0.9514	-0.9529	-1.27	-1.29	-1.29	162.46	161.78	163.04	20.46	20.48	20.55	29.34	135556	1000.00	6000.00	
6608	-1001	-38.14672	100.00	68.96	68.91	68.98	68.97	35.47	35.55	35.55	0.9528	4.0426	4.0211	-58.82	78.77	-9.11	44.18	11.00	369.70	125.00	350.00	370.26	12.64	-0.9527	-0.9532	-0.9529	-1.34	-1.35	-1.35	163.25	162.04	162.87	20.47	20.48	20.52	29.59	135556	999.91	6000.00	
6708	-1001	-40.65132	158.98	72.73	72.75	72.68	72.76	35.70	35.75	35.74	0.9596	4.3198	4.2878	-60.80	83.83	-9.60	44.30	11.09	369.42	125.00	350.00	370.27	13.45	-0.9599	-0.9601	-0.9596	-1.44	-1.44	-1.44	164.49	163.51	164.38	20.59	20.60	20.63	29.75	135556	999.10	6000.00	
6808	-1003	-46.18872	200.37	77.44	77.19	77.14	78.00	35.91	36.04	35.95	0.9648	4.6553	4.9369	-66.03	91.26	-10.36	44.36	11.99	369.56	125.00	350.00	370.20	13.75	-0.9663	-0.9636	-0.9653	-1.55	-1.54	-1.57	165.80	164.33	165.23	20.75	20.70	20.78	29.66	135556	999.43	6000.00	
6908	-1004	-53.99567	200.03	89.41	89.45	89.67	89.09	36.21	36.31	36.43	0.9737	5.4762	5.7431	-77.11	105.30	-12.18	44.52	13.69	369.32	125.00	350.00	370.20	16.88	-0.9727	-0.9748	-0.9735	-1.82	-1.83	-1.82	167.60	166.86	167.77	20.87	20.94	21.00	29.41	135557	1000.34	6000.00	
7008	-1003	-60.79362	200.00	101.49	101.43	101.65	101.38	36.45	36.53	36.59	0.9796	6.2897	6.4445	-87.67	118.10	-13.68	44.77	15.65	369.66	125.00	350.00	370.13	19.20	-0.9793	-0.9803	-0.9797	-2.09	-2.10	-2.10	169.44	168.49	169.28	21.02	21.06	21.10	29.25	135557	1001.36	6000.00	
7108	-1003	-67.91837	200.00	112.22	112.30	112.58	111.78	36.81	36.91	37.05	0.9859	7.0774	7.2017	-96.37	130.84	-15.02	44.98	17.31	369.86	125.00	350.00	370.15	21.48	-0.9850	-0.9869	-0.9859	-2.35	-2.37	-2.36	171.29	170.76	171.27	21.21	21.30	21.36	29.34	135557	1002.01	6000.00	
7208	-1003	-74.22147	200.00	122.34	122.15	122.51	122.36	37.31	37.45	37.46	0.9909	7.8550	7.8512	-104.43	142.76	-16.20	45.03	18.65	369.80	125.00	350.00	370.26	23.71	-0.9906	-0.9912	-0.9912	-2.61	-2.62	-2.63	173.36	172.64	173.34	21.53	21.55	21.62	29.59	135557	1002.00	6000.00	
7308	-1003	-79.61751	200.00	131.28	131.19	131.10	131.56	37.67	37.77	37.76	0.9937	8.5266	8.4031	-110.84	152.66	-17.30	45.12	19.85	369.77	125.00	350.00	370.25	25.84	-0.9938	-0.9937	-0.9937	-2.84	-2.83	-2.85	175.03	174.06	174.58	21.74	21.73	21.79	29.75	135557	1002.00	6000.00	
7408	-1002	-84.36990	200.00	139.49	139.45	139.05	139.94	38.09	38.19	38.14	0.9956	9.1762	8.8982	-117.09	161.95	-18.17	45.15	20.85	369.73	125.00	350.00	370.30	28.13	-0.9960	-0.9955	-0.9956	-3.06	-3.04	-3.07	176.57	175.38	176.16	21.98	21.96	22.02	29.66	135557	1002.00	6000.00	
7508	-1002	-88.56580	200.00	146.06	146.13	146.09	145.94	38.38	38.44	38.51	0.9967	9.6944	9.3363	-122.75	169.12	-18.94	45.39	21.65	369.75	125.00	350.00	370.17	29.38	-0.9968	-0.9970	-0.9967	-3.23	-3.23	-3.23	177.69	176.85	177.41	22.12	22.17	22.20	29.41	135557	1001.15	6000.00	
7608	-1002	-92.66730	200.00	151.91	152.01	152.56	151.14	38.66	38.70	38.93	0.9975	10.1750	9.7622	-126.79	176.08	-19.76	45.54	22.35	369.93	125.00	350.00	370.12	30.88	-0.9975	-0.9978	-0.9976	-3.38	-3.41	-3.38	178.46	178.21	178.40	22.25	22.39	22.41	29.25	135557	1001.00	6000.00	
7708	-1002	-96.50850	200.00	157.42	156.98	158.24	157.05	38.97	39.14	39.27	0.9980	10.6475	10.1616	-131.04	182.88	-20.38	45.61	23.00	369.94	125.00	350.00	370.18	32.34	-0.9980	-0.9981	-0.9982	-3.53	-3.57	-3.56	179.52	179.29	35.63	22.47	22.55	22.65	29.34	135557	1001.00	6000.00	
7808	-1002	-99.75600	200.00	162.84	162.32	163.64	162.56	39.27	39.44	39.55	0.9980	11.0968	10.4992	-134.72	188.86	-20.96	45.64	23.95	369.97	125.00	350.00	370.26	33.59	-0.9983	-0.9982	-0.9982	-3.67	-3.72	-3.71	-113.51	8.35	-179.59	22.64	22.72	22.82	29.59	135557	1001.00	6000.00	
7908	-1002	-102.64720	247.78	167.20	167.29	167.79	166.50	39.54	39.57	39.73	0.9979	11.4472	10.7929	-137.97	193.76	-21.44	45.65	24.65	369.76	125.00	350.00	370.34	34.39	-0.9981	-0.9979	-0.9981	-3.81	-3.83	-3.81	-180.41	-179.82	-178.91	22.76	22.86	22.88	29.75	135558	1000.15	6000.00	
8008	-1003	-107.81060	300.22	170.88	170.90	171.38	170.36	39.76	39.78	39.92	0.9976	11.7571	11.4017	-141.69	199.43	-22.18	45.73	25.01	369.76	125.00	350.00	370.17	35.58	-0.9980	-0.9978	-0.9978	-3.91	-3.93	-3.91	-178.39	-178.54	-178.17	22.89	22.98	22.99	29.66	135558	1000.00	6000.00	
8108	-1005	-117.53390	300.05	182.27	182.85	181.60	182.35	40.44	40.42	40.52	0.9968	12.7342	12.4614	-153.45	214.22	-23.88	45.72	26.60	369.63	125.00	350.00	370.10	38.03	-0.9967	-0.9966	-0.9971	-4.25	-4.23	-4.25	-176.49	-177.32	-177.27	23.28	23.35	23.34	29.41	135558	1000.65	6000.00	
8208	-1004	-126.50470	300.00	196.64	197.57	196.09	196.25	41.27	41.14	41.30	0.9941	13.9628	13.3858	-164.41	228.60	-25.52	45.76	28.31	369.63	125.00	350.00	370.07	41.87	-0.9940	-0.9937	-0.9948	-4.67	-4.65	-4.64	-174.51	-175.06	-175.12	23.73	23.83	23.75	29.25	135558	1001.66	6000.00	
8308	-1004	-134.45120	300.00	208.39	209.04	207.68	208.44	41.97	41.94	42.00	0.9910	15.0134	14.2007	-173.33	241.69	-27.03	45.79	29.66	369.91	125.00	350.00	370.20	45.14	-0.9908	-0.9909	-0.9916	-5.02	-4.99	-5.01	-172.75	-173.36	-173.37	24.17	24.22	24.19	29.34	135558	1002.01	6000.00	
8408	-1004	-141.78260	300.00	217.95	218.39	218.08	217.39	42.49	42.46	42.63	0.9878	15.8577	14.9665	-181.90	253.76	-28.29	45.81	30.96	369.68	125.00	350.00	370.30	47.64	-0.9880	-0.9871	-0.9882	-5.29	-5.29	-5.28	-171.58	-171.93	-171.66	24.45	24.56	24.53	29.59	135558	1002.00	6000.00	
8508	-1003	-148.39550	300.00	227.32	227.67	227.48	226.82	43.11	43.11	43.29	0.9843	16.7309	15.6602	-189.59	264.29	-29.34	45.87	31.95	369.40	125.00	350.00	370.18	50.11	-0.9847	-0.9835	-0.9848	-5.57	-5.58	-5.58	-170.38	-170.54	-170.37	24.82	24.92	24.92	29.75	135558	1002.00	6000.00	
8608	-1003	-154.34960	300.00	235.88	236.32	236.00	235.33	43.72	43.73	43.92	0.9806	17.5441	16.2567	-194.94	273.50	-30.46	45.99	32.95	369.55	125.00	350.00	370.23	52.39	-0.9809	-0.9795	-0.9812	-5.84	-5.85	-5.85	-169.22	-169.33	-169.13	25.16	25.29	25.29	29.66	135558	1002.00	6000.00	
8708	-1003	-159.75400	300.00	243.40	243.35	243.80	243.03	44.21	44.32	44.48	0.9770	18.2618	16.8180	-201.00	282.33	-31.31	45.98	33.85	370.07	125.00	350.00	370.09	54.59	-0.9776	-0.9760	-0.9772	-6.07	-6.09	-6.10	-168.21	-168.30	-167.93	25.48	25.57	25.63	29.41	135558	1002.00	6000.00	
8808	-1003	-164.43530	300.00	249.73	249.94	250.49	248.75	44.70	44.72	45.04	0.9740	18.8823	17.3183	-206.65	289.95	-32.03	45.97	34.00	370.05	125.00	350.00	370.15	56.58	-0.9749	-0.9723	-0.9746	-6.28	-6.32	-6.29	-167.49	-167.33	-167.22	25.71	25.90	25.91	29.25	135558	1002.00	6000.00	
8908	-1002	-168.60170	300.00	255.35	255.31	256.47	254.26	45.07	45.10	45.42	0.9708	19.4053	17.7235	-209.98	295.95	-32.85	46.07	34.75	369.89	125.00	350.00	370.21	58.01	-0.9720	-0.9692	-0.9711	-6.45	-6.50	-6.46	-166.86	-166.51	-166.28	25.92	26.12	26.12	29.34	135559	1002.00	6000.00	
9008	-1002	-172.36360	300.00	260.40	260.56	261.66	258.98	45.45	45.41	45.80	0.9684	19.8950	18.1255	-214.25	302.29	-33.36	46.01	35.00	369.84	125.00	350.00	370.21	59.39	-0.9696	-0.9664	-0.9689	-6.61	-6.67	-6.61	-166.20	-165.84	-165.83	26.11	26.35	26.32	29.59	135559	1001.65	6000.00	
9108	-1002	-175.71380	300.00	264.96	264.94	265.98	263.97	45.74	45.78	46.09	0.9662	20.3401	18.4625	-217.97	307.33	-33.91	46.02	35.35	369.73	125.00	350.00	370.20	60.85	-0.9675	-0.9645	-0.9667	-6.76	-6.81	-6.78	-165.70	-165.30	-165.30	26.31	26.50	26.52	29.75	135559	1000.99	6000.00	
9208	-1002	-178.53740	341.69	269.54	269.31	270.74	268.57	46.07	46.13	46.54	0.9639	20.8117	18.7507	-220.35	311.74	-34.45	46.08	36.00	369.61	125.00	350.00	370.18	61.88	-0.9652	-0.9619	-0.9645	-6.90	-6.97	-6.94	-165.17	-164.81	-164.85	26.49	26.74	26.76	29.66	135559	1001.00	6000.00	
9308	-1003	-184.28790	400.10	272.64	272.65	274.05	271.21	46.33	46.32	46.74	0.9619	21.1056	19.4678	-224.43	317.78	-35.09	46.02	36.00	369.78	125.00	350.00	370.16	62.89	-0.9634	-0.9596	-0.9625	-7.01	-7.08	-7.02	-164.71	-164.35	-164.27	26.62	26.88	26.86	29.41	135559	1001.00	6000.00	
9408	-1005	-194.96230	400.05	284.22	284.39	285.01	283.25	47.13	47.13	47.51	0.9567	22.2567	20.6288	-236.35	332.47	-36.77	45.94	37.30	369.62	125.00	350.00	370.15	66.33	-0.9576	-0.9546	-0.9577	-7.39	-7.44	-7.42	-163.56	-163.40	-163.34	27.09	27.32	27.32	29.25	135559	1001.35	6000.00	
9508	-1004	-204.76560	400.00	296.82	297.26	297.14	296.07	48.15	48.11	48.38	0.9493	23.5305	21.6425	-246.81	346.24	-38.39	45.98	38.65	369.27	125.00	350.00	370.19	69.91	-0.9498	-0.9476	-0.9503	-7.83	-7.85	-7.84	-162.01	-161.89	-161.93	27.70	27.86	27.83	29.34	135559	1002.36	6000.00	
9608	-1004	-213.64580	400.00	309.70	310.29	310.01	308.80	49.16	49.09	49.37	0.9414	24.8489	22.5281	-255.52	359.30	-39.85	45.99	39.85	369.50	125.00	350.00	370.23	74.02	-0.9418	-0.9396	-0.9427	-8.28	-8.30	-8.28	-160.62	-160.51	-160.52	28.27	28.45	28.40	29.59	135559	1003.01	6000.00	
9708	-1004	-221.80350	400.00	319.05	319.38	319.38	318.41	49.92	49.90	50.19	0.9355	25.8514	23.3885	-264.13	371.24	-41.09	45.91	40.65	369.43	125.00	350.00	370.28	77.05	-0.9359	-0.9336	-0.9366	-8.60	-8.63	-8.62	-159.54	-159.53	-159.60	28.72	28.90	28.88	29.75	135559	1002.41	6000.00	
9808	-1003	-228.88110	400.00	328.39	328.65	329.22	327.28	50.78	50.69	51.11	0.9289	26.8720	24.1105	-271.11	381.48	-42.23	45.94	41.65	369.71	125.00	350.00	370.23	79.61	-0.9296	-0.9264	-0.9302	-8.93	-8.99	-8.95	-158.51	-158.38	-158.50	29.18	29.43	29.37	29.66	135559	1002.01	6000.00	
9908	-1003	-235.32300	400.00	336.80	336.82	337.56	336.02	51.37	51.38	51.69	0.9233	27.7270	24.7531	-276.96	390.40	-43.25	46.00	42.35	369.46	125.00	350.00	370.06	82.21	-0.9243	-0.9213	-0.9241	-9.22	-9.26	-9.25	-157.72	-157.51	-157.50	29.56	29.75	29.74	29.41	135600	1002.00	6000.00	
10008	-1002	-240.87100	400.00	344.38	344.79	345.24	343.12	52.04	51.94	52.34	0.9184	28.5471	25.3286	-283.28	399.59	-44.05	45.89	43.00	369.60	125.00	350.00	370.24	84.68	-0.9193	-0.9160	-0.9198	-9.50	-9.54	-9.51	-157.03	-156.79	-156.94	29.91	30.15	30.08	29.25	135600	1001.25	6000.00	
10108	-1002	-246.05090	400.00	350.76	351.62	351.00	349.65	52.60	52.46	52.79	0.9146	29.2352	25.8590	-288.24	406.41	-44.80	45.97	43.95	369.41	125.00	350.00	370.25	87.09	-0.9148	-0.9123	-0.9164	-9.74	-9.76	-9.74	-156.38	-156.20	-156.37	30.23	30.44	30.35	29.34	135600	1001.00	6000.00	
10208	-1002	-250.62040	400.00	356.55	356.77	356.99	355.89	53.08	53.03	53.42	0.9106	29.9044	26.3023	-291.80	412.86	-45.57	45.93	44.00	369.95	125.00	350.00	370.23	88.75	-0.9111	-0.9083	-0.9122	-9.94	-9.98	-9.98	-155.82	-155.55	-155.84	30.52	30.75	30.72	29.59	135600	1001.00	6000.00	
10308	-1002	-254.54710	400.00	361.44	362.27	361.54	360.46	53.48	53.38	53.69	0.9075	30.4084	26.7322	-296.15	419.34	-46.13	45.87	44.95	369.82	125.00	350.00	370.22	90.18	-0.9076	-0.9053	-0.9094	-10.13	-10.14	-10.14	-155.39	-155.13	-155.41	30.76	30.95	30.88	29.75	135600	1001.00	6000.00	
10408	-1001	-258.06400	400.00	365.75	366.18	366.38	364.68	53.84	53.77	54.13	0.9043	30.8846	27.1157	-299.80	423.80	-46.63	45.93	45.00	369.53	125.00	350.00	370.17	91.46	-0.9050	-0.9018	-0.9057	-10.28	-10.31	-10.30	-154.99	-154.66	-154.90	30.96	31.18	31.13	29.66	135600	1000.41	6000.00	
10508	-1001	-261.10140	443.23	369.96	370.32	370.69	368.86	54.17	54.12	54.47	0.9014	31.3364	27.3866	-302.01	428.03	-47.17	45.94	45.00	369.62	125.00	350.00	370.10	92.70	-0.9022	-0.8988	-0.9026	-10.43	-10.46	-10.45	-154.56	-154.35	-154.57	31.16	31.37	31.33	29.41	135600	1000.01	6000.00	
10608	-1003	-267.05680	500.13	373.45	374.12	373.90	372.33	54.63	54.49	54.85	0.8987	31.7721	28.1497	-306.29	434.32	-47.78	45.86	45.55	369.74	125.00	350.00	370.20	94.38	-0.8990	-0.8963	-0.9005	-10.58	-10.61	-10.58	-154.18	-153.97	-154.27	31.40	31.62	31.53	29.25	135600	1000.00	6000.00	
10708	-1005	-278.81350	500.05	386.20	386.92	386.93	384.74	55.56	55.42	55.86	0.8915	33.1646	29.4522	-318.23	449.00	-49.50	45.77	46.09	369.59	125.00	350.00	370.29	98.18	-0.8921	-0.8884	-0.8933	-11.04	-11.08	-11.05	-153.26	-152.95	-153.19	31.92	32.19	32.10	29.34	135600	1000.65	6000.00	
10808	-1004	-289.37820	500.00	398.54	399.13	400.04	396.45	56.64	56.44	57.02	0.8831	34.5622	30.5148	-327.99	463.04	-51.22	45.65	47.08	369.58	125.00	350.00	370.28	102.84	-0.8843	-0.8792	-0.8850	-11.50	-11.57	-11.50	-152.29	-151.81	-152.03	32.51	32.85	32.73	29.59	135600	1002.05	6000.00	
10908	-1003	-298.78670	500.00	410.37	410.97	411.26	408.87	57.73	57.56	58.09	0.8754	35.9597	31.4683	-337.33	476.64	-52.56	45.43	47.99	369.92	125.00	350.00	370.18	106.52	-0.8760	-0.8720	-0.8776	-11.96	-12.02	-11.99	-151.24	-150.91	-151.35	33.15	33.47	33.36	29.75	135601	1002.34	6000.00	
11008	-1003	-307.16520	500.00	419.91	420.55	420.50	418.69	58.55	58.43	58.88	0.8690	37.0498	32.3467	-346.29	488.32	-53.68	45.32	48.84	369.33	125.00	350.00	370.18	110.21	-0.8693	-0.8658	-0.8710	-12.33	-12.36	-12.36	-150.48	-150.27	-150.62	33.66	33.93	33.85	29.66	135601	1002.10	6000.00	
11108	-1002	-314.57270	500.00	429.11	430.06	430.38	426.89	59.50	59.26	59.80	0.8621	38.1374	33.0750	-352.64	498.00	-54.88	45.34	49.35	369.58	125.00	350.00	370.19	113.25	-0.8630	-0.8582	-0.8644	-12.70	-12.75	-12.69	-149.78	-149.36	-149.87	34.16	34.49	34.34	29.41	135601	1002.00	6000.00	
11208	-1002	-321.47670	500.00	437.12	437.86	438.04	435.46	60.14	60.00	60.45	0.8568	39.0477	33.7735	-358.18	507.18	-55.91	45.30	50.01	370.06	125.00	350.00	370.25	115.37	-0.8576	-0.8534	-0.8587	-13.00	-13.04	-13.01	-149.17	-148.78	-149.25	34.57	34.84	34.75	29.25	135601	1001.05	6000.00	
11308	-1001	-327.47700	500.00	444.47	445.33	445.55	442.52	60.82	60.63	61.14	0.8519	39.9169	34.4110	-365.03	515.79	-56.63	45.20	50.35	370.01	125.00	350.00	370.21	118.21	-0.8528	-0.8483	-0.8542	-13.29	-13.33	-13.29	-148.65	-148.19	-148.73	34.94	35.25	35.12	29.34	135601	1000.35	6000.00	
11408	-1001	-332.58370	500.00	451.20	452.07	452.07	449.47	61.39	61.24	61.72	0.8476	40.7036	34.9009	-369.01	522.53	-57.51	45.23	51.01	369.61	125.00	350.00	370.33	120.82	-0.8483	-0.8440	-0.8498	-13.55	-13.59	-13.56	-148.20	-147.71	-148.25	35.29	35.58	35.47	29.59	135601	999.99	6000.00	
11508	-1001	-337.18590	500.00	456.96	457.96	458.47	454.44	61.92	61.67	62.24	0.8435	41.3543	35.3555	-373.19	529.61	-58.17	45.08	51.35	370.08	125.00	350.00	370.23	122.84	-0.8447	-0.8393	-0.8457	-13.78	-13.82	-13.75	-147.76	-147.21	-147.69	35.56	35.89	35.74	29.75	135601	999.15	6000.00	
11608	-1001	-341.46610	500.00	461.38	462.35	462.43	459.35	62.34	62.16	62.64	0.8404	41.8931	35.8415	-378.18	535.42	-58.65	45.02	52.01	368.78	125.00	350.00	370.14	124.00	-0.8413	-0.8367	-0.8426	-13.96	-13.99	-13.95	-147.37	-146.90	-147.39	35.83	36.12	36.00	29.66	135601	999.00	6000.00	
11708	-1000	-344.70840	500.00	466.06	466.93	467.69	463.54	62.78	62.51	63.14	0.8373	42.4530	36.1267	-380.54	539.65	-59.29	45.04	52.09	369.51	125.00	350.00	370.22	125.67	-0.8383	-0.8329	-0.8396	-14.13	-14.20	-14.12	-147.06	-146.52	-147.07	36.03	36.41	36.24	29.41	135601	998.35	6000.00	
11808	-1000	-348.09510	500.00	469.90	471.05	470.65	467.86	63.12	62.91	63.36	0.8348	42.9039	36.4497	-382.93	544.57	-59.79	44.94	52.99	369.91	125.00	350.00	370.19	127.08	-0.8351	-0.8311	-0.8373	-14.30	-14.31	-14.28	-146.79	-146.31	-146.83	36.28	36.56	36.41	29.25	135601	997.99	6000.00	
11908	-1000	-351.75310	618.30	473.23	474.48	474.58	470.63	63.48	63.19	63.75	0.8324	43.3072	36.9237	-387.27	548.94	-60.07	44.91	53.00	369.68	125.00	350.00	370.19	128.07	-0.8332	-0.8280	-0.8348	-14.44	-14.47	-14.40	-146.60	-145.98	-146.51	36.45	36.78	36.61	29.34	135602	998.00	6000.00	
12008	-1004	-364.06610	625.29	481.66	482.20	483.09	479.68	64.19	64.06	64.57	0.8270	44.3429	38.4119	-396.44	560.94	-61.71	44.84	53.35	369.87	125.00	350.00	370.14	131.24	-0.8283	-0.8230	-0.8287	-14.76	-14.81	-14.77	-145.97	-145.49	-145.95	36.89	37.20	37.12	29.59	135602	998.09	6000.00	
12108	-1004	-377.98250	625.00	497.63	498.76	498.33	495.78	65.67	65.42	65.98	0.8184	46.3430	39.8251	-409.21	579.55	-63.86	44.53	54.36	369.87	125.00	350.00	370.21	137.04	-0.8186	-0.8146	-0.8214	-15.43	-15.46	-15.45	-145.00	-144.70	-145.32	37.72	38.06	37.90	29.75	135602	999.64	6000.00	
12208	-1002	-389.54400	625.00	513.48	514.73	514.77	510.94	67.11	66.79	67.42	0.8078	48.2131	40.9989	-422.12	596.47	-65.44	44.18	55.10	369.68	125.00	350.00	370.13	142.45	-0.8083	-0.8033	-0.8108	-16.06	-16.10	-16.06	-144.01	-143.47	-144.23	38.52	38.90	38.71	29.36	135602	1000.27	6000.00	
12308	-1002	-400.08870	625.00	526.24	526.55	528.22	523.93	68.28	68.10	68.66	0.7982	49.7262	42.0862	-431.57	609.77	-67.09	44.14	55.99	369.65	125.00	350.00	370.23	147.75	-0.7998	-0.7939	-0.8001	-16.55	-16.61	-16.56	-143.25	-142.55	-143.22	39.24	39.58	39.46	29.41	135602	1000.32	6000.00	
12408	-1001	-409.43770	625.00	536.83	536.85	538.83	534.80	69.30	69.09	69.69	0.7914	51.0396	42.9604	-439.51	623.03	-68.53	43.91	56.35	369.93	125.00	350.00	370.27	151.07	-0.7927	-0.7872	-0.7936	-16.97	-17.06	-17.01	-142.58	-141.96	-142.72	39.82	40.18	40.04	29.25	135602	1000.00	6000.00	
12508	-1000	-417.18940	625.00	546.64	546.09	549.51	544.09	70.24	69.94	70.63	0.7843	52.1898	43.7571	-448.80	635.74	-69.59	43.59	57.00	369.21	125.00	350.00	370.20	154.02	-0.7859	-0.7795	-0.7869	-17.34	-17.47	-17.38	-141.99	-141.20	-142.04	40.33	40.74	40.55	29.34	135602	999.15	6000.00	
12608	-999	-424.15430	625.00	555.70	554.42	558.35	553.93	71.06	70.85	71.44	0.7778	53.2604	44.4617	-455.54	645.09	-70.70	43.52	57.09	369.55	125.00	350.00	370.27	157.71	-0.7792	-0.7736	-0.7800	-17.68	-17.81	-17.76	-141.45	-140.67	-141.38	40.85	41.19	41.06	29.59	135602	998.90	6000.00	
12708	-999	-430.24560	625.00	562.58	560.61	565.84	561.25	71.85	71.63	72.22	0.7720	54.0857	45.0397	-460.84	654.64	-71.67	43.28	57.99	369.56	125.00	350.00	370.14	160.96	-0.7735	-0.7675	-0.7740	-17.94	-18.10	-18.05	-140.98	-140.04	-140.80	41.29	41.64	41.50	29.75	135602	998.01	6000.00	
12808	-998	-435.55410	625.00	568.57	566.06	572.10	567.53	72.46	72.23	72.90	0.7673	54.8119	45.5882	-467.50	663.40	-72.35	42.99	58.00	369.25	125.00	350.00	370.25	163.47	-0.7691	-0.7628	-0.7693	-18.15	-18.35	-18.31	-140.64	-139.58	-140.33	41.63	42.03	41.88	29.66	135602	997.15	6000.00	
12908	-998	-440.04600	625.00	573.55	571.93	577.05	571.67	73.09	72.73	73.36	0.7630	55.3796	46.0209	-471.46	668.46	-73.20	43.07	58.95	369.61	125.00	350.00	370.19	165.30	-0.7645	-0.7580	-0.7657	-18.38	-18.54	-18.46	-140.37	-139.14	-140.04	41.97	42.35	42.13	29.41	135603	996.64	6000.00	
13008	-997	-444.13320	625.00	577.33	575.31	580.62	576.05	73.60	73.35	73.91	0.7586	55.8435	46.4087	-474.90	675.37	-73.93	42.88	59.00	369.81	125.00	350.00	370.16	167.05	-0.7607	-0.7538	-0.7605	-18.54	-18.68	-18.63	-140.04	-138.73	-139.58	42.30	42.64	42.48	29.25	135603	995.99	6000.00	
13108	-997	-447.66790	625.00	581.45	579.57	584.76	580.02	74.02	73.80	74.34	0.7552	56.3282	46.8017	-480.14	682.01	-74.30	42.64	59.95	369.40	125.00	350.00	370.11	169.45	-0.7570	-0.7507	-0.7572	-18.70	-18.84	-18.79	-139.79	-138.47	-139.20	42.55	42.88	42.74	29.34	135603	995.15	6000.00	
13208	-997	-450.66350	625.00	584.68	582.29	588.89	582.83	74.47	74.14	74.84	0.7519	56.7128	47.0645	-482.57	686.00	-74.96	42.58	60.00	369.49	125.00	350.00	370.16	170.37	-0.7542	-0.7467	-0.7537	-18.81	-19.00	-18.90	-139.62	-138.04	-138.84	42.76	43.18	42.97	29.59	135603	995.00	6000.00	
13308	-997	-453.47510	625.00	587.17	585.14	590.51	585.85	74.85	74.55	75.20	0.7498	57.0905	47.3433	-485.48	691.45	-75.39	42.32	60.09	369.41	125.00	350.00	370.20	171.59	-0.7512	-0.7452	-0.7522	-18.93	-19.11	-19.06	-139.37	-137.92	-138.87	43.00	43.38	43.20	29.75	135603	995.00	6000.00	
13408	-997	-455.78930	625.00	590.51	589.12	594.02	588.37	75.16	74.77	75.49	0.7468	57.3939	47.6061	-488.96	694.91	-75.73	42.27	60.04	369.69	125.00	350.00	370.12	173.22	-0.7495	-0.7413	-0.7489	-19.08	-19.20	-19.11	-139.32	-137.57	-138.49	43.14	43.57	43.33	29.66	135603	994.71	6000.00	
13508	-996	-457.64040	625.00	591.61	590.41	594.42	589.98	75.35	75.10	75.71	0.7452	57.5649	47.7569	-490.50	696.91	-76.22	42.35	60.60	369.94	125.00	350.00	370.26	173.39	-0.7474	-0.7405	-0.7470	-19.13	-19.24	-19.20	-139.00	-137.52	-138.43	43.30	43.67	43.51	29.41	135603	994.30	6000.00	
13608	-996	-459.49630	625.00	593.30	592.16	596.12	591.61	75.67	75.38	75.98	0.7429	57.7720	47.9510	-493.13	701.43	-76.46	42.11	59.99	369.68	125.00	350.00	370.20	174.39	-0.7450	-0.7381	-0.7449	-19.21	-19.31	-19.26	-138.89	-137.37	-138.18	43.48	43.84	43.66	29.25	135603	994.04	6000.00	
13708	-996	-461.05040	625.00	594.77	593.67	597.34	593.29	75.79	75.62	76.14	0.7417	57.9527	48.1309	-495.42	703.53	-76.73	42.11	60.00	369.11	125.00	350.00	370.27	174.84	-0.7431	-0.7378	-0.7434	-19.26	-19.36	-19.34	-138.69	-137.37	-137.94	43.59	43.90	43.79	29.34	135603	994.36	6000.00	
13808	-996	-462.37140	625.00	596.19	594.69	599.33	594.54	76.02	75.74	76.44	0.7397	58.1018	48.2313	-495.65	704.88	-77.13	42.17	60.26	369.60	125.00	350.00	370.33	176.10	-0.7424	-0.7346	-0.7413	-19.31	-19.42	-19.37	-138.77	-136.91	-137.78	43.66	44.08	43.91	29.59	135603	994.86	6000.00	
13908	-996	-463.63530	625.00	597.53	596.79	600.00	595.80	76.29	75.91	76.53	0.7388	58.2971	48.3707	-497.63	708.81	-77.28	41.89	60.96	369.53	125.00	350.00	370.22	176.83	-0.7407	-0.7336	-0.7413	-19.40	-19.47	-19.43	-138.55	-136.85	-137.86	43.82	44.19	43.95	29.75	135604	994.45	6000.00	
14008	-996	-464.73510	625.00	598.14	596.89	601.36	596.15	76.39	76.03	76.72	0.7375	58.3603	48.4999	-499.31	709.64	-77.48	41.92	61.00	369.22	125.00	350.00	370.16	177.10	-0.7400	-0.7324	-0.7394	-19.40	-19.52	-19.44	-138.50	-136.80	-137.66	43.86	44.28	44.05	29.66	135604	994.56	6000.00	
14108	-996	-465.69740	625.00	598.99	597.24	602.26	597.48	76.48	76.19	76.94	0.7359	58.4371	48.5860	-499.57	710.66	-77.72	41.93	61.86	369.36	125.00	350.00	370.31	177.64	-0.7395	-0.7307	-0.7367	-19.43	-19.54	-19.47	-138.51	-136.53	-137.49	43.92	44.37	44.18	29.41	135604	994.30	6000.00	
14208	-996	-466.54330	625.00	600.58	599.89	603.12	598.71	76.72	76.36	77.06	0.7353	58.6735	48.6722	-502.02	714.02	-77.71	41.65	61.61	369.45	125.00	350.00	370.24	178.29	-0.7379	-0.7302	-0.7371	-19.52	-19.60	-19.55	-138.19	-136.60	-137.57	44.05	44.47	44.25	29.25	135604	994.04	6000.00	
14308	-996	-467.02600	625.00	600.76	599.67	603.86	598.74	76.83	76.40	77.15	0.7343	58.6777	48.7280	-502.21	713.76	-77.89	41.78	61.59	369.53	125.00	350.00	370.25	178.68	-0.7371	-0.7288	-0.7362	-19.52	-19.62	-19.54	-138.36	-136.51	-137.36	44.09	44.54	44.28	29.34	135604	994.00	6000.00	
14408	-996	-467.60660	625.00	600.58	599.07	603.67	599.00	76.86	76.60	77.25	0.7340	58.7170	48.7681	-502.23	715.22	-78.08	41.68	60.99	369.99	125.00	350.00	370.24	178.61	-0.7359	-0.7293	-0.7357	-19.50	-19.63	-19.59	-138.21	-136.59	-137.31	44.16	44.55	44.39	29.59	135604	994.00	6000.00	
14508	-996	-468.29680	625.00	601.28	599.98	604.82	599.02	76.99	76.59	77.32	0.7330	58.7530	48.8803	-503.82	716.34	-78.12	41.65	61.00	369.99	125.00	350.00	370.25	179.16	-0.7358	-0.7274	-0.7347	-19.54	-19.65	-19.56	-138.26	-136.40	-137.22	44.19	44.63	44.39	29.75	135604	994.00	6000.00	
14608	-996	-468.76230	625.00	602.15	600.87	605.45	600.12	77.04	76.67	77.43	0.7324	58.8519	48.9098	-503.67	715.99	-78.29	41.76	61.00	369.86	125.00	350.00	370.35	179.85	-0.7356	-0.7268	-0.7339	-19.58	-19.68	-19.60	-138.24	-136.30	-137.17	44.22	44.68	44.45	29.66	135604	994.00	6000.00	
14708	-996	-469.28600	625.00	602.97	602.01	606.04	600.84	77.16	76.72	77.53	0.7320	58.9731	48.9438	-504.36	717.86	-78.36	41.61	61.00	369.79	125.00	350.00	370.23	179.73	-0.7353	-0.7264	-0.7338	-19.62	-19.72	-19.63	-138.22	-136.29	-137.16	44.27	44.75	44.48	29.41	135604	994.00	6000.00	
14808	-996	-469.55980	625.00	603.04	602.36	605.18	601.56	77.22	76.92	77.51	0.7316	59.0019	49.0027	-505.75	718.66	-78.38	41.61	61.00	369.37	125.00	350.00	370.26	179.99	-0.7338	-0.7267	-0.7335	-19.64	-19.69	-19.67	-138.06	-136.30	-137.16	44.38	44.73	44.54	29.35	135604	994.00	6000.00	
14908	-996	-469.94100	625.00	602.90	601.85	605.23	601.62	77.21	76.96	77.55	0.7314	58.9950	49.0325	-505.85	718.53	-78.52	41.69	61.95	370.17	125.00	350.00	370.22	180.06	-0.7338	-0.7267	-0.7329	-19.63	-19.69	-19.68	-138.07	-136.30	-137.20	44.38	44.73	44.58	29.59	135605	994.00	6000.00	
15008	-996	-470.23840	625.00	603.39	602.51	605.90	601.75	77.29	76.98	77.63	0.7310	59.0527	49.0543	-506.09	720.27	-78.58	41.52	62.00	370.07	125.00	350.00	370.30	180.24	-0.7337	-0.7258	-0.7326	-19.66	-19.72	-19.68	-138.01	-136.21	-137.21	44.40	44.79	44.59	29.75	135605	994.26	6000.00	
15108	-996	-470.37140	625.00	603.53	602.11	606.06	602.42	77.30	77.12	77.78	0.7304	59.0962	49.0950	-506.25	719.47	-78.69	41.70	62.00	370.22	125.00	350.00	370.21	180.81	-0.7329	-0.7261	-0.7314	-19.63	-19.74	-19.72	-137.97	-136.31	-137.02	44.43	44.82	44.70	29.66	135605	994.30	6000.00	
15208	-996	-470.48310	625.00	603.54	602.58	606.45	601.59	77.41	77.07	77.70	0.7303	59.0851	49.0860	-505.62	719.51	-78.81	41.72	62.00	370.33	125.00	350.00	370.10	180.99	-0.7327	-0.7251	-0.7322	-19.66	-19.74	-19.69	-138.00	-136.16	-137.05	44.47	44.85	44.64	29.41	135605	994.99	6000.00	
15308	-997	-470.79330	625.00	603.71	602.64	606.46	602.01	77.39	77.13	77.78	0.7302	59.1249	49.1333	-506.93	721.55	-78.80	41.52	62.00	369.95	125.00	350.00	370.20	180.66	-0.7326	-0.7255	-0.7316	-19.66	-19.75	-19.71	-137.96	-136.23	-137.01	44.47	44.86	44.69	29.25	135605	995.00	6000.00	
15408	-997	-471.08090	625.00	603.86	602.56	606.80	602.20	77.41	77.12	77.82	0.7301	59.1401	49.1750	-507.03	720.36	-78.85	41.71	61.89	370.10	125.00	350.00	370.22	180.74	-0.7331	-0.7251	-0.7312	-19.67	-19.76	-19.71	-137.98	-136.15	-137.02	44.47	44.88	44.70	29.34	135605	995.00	6000.00	
15508	-997	-471.11120	625.00	604.08	603.11	606.67	602.45	77.46	77.18	77.79	0.7303	59.1975	49.1532	-507.03	720.99	-78.88	41.65	61.15	369.97	125.00	350.00	370.15	181.06	-0.7325	-0.7256	-0.7319	-19.69	-19.77	-19.73	-137.91	-136.30	-137.05	44.51	44.88	44.70	29.59	135605	995.00	6000.00	
15608	-997	-471.28750	625.00	604.38	603.36	607.09	602.67	77.48	77.17	77.80	0.7298	59.1975	49.1881	-508.07	722.30	-78.79	41.52	60.99	369.85	125.00	350.00	370.25	181.18	-0.7325	-0.7249	-0.7313	-19.70	-19.77	-19.72	-138.00	-136.21	-137.01	44.52	44.89	44.70	29.75	135605	995.00	6000.00	
15708	-997	-471.45250	625.00	604.41	603.68	606.95	602.60	77.53	77.19	77.80	0.7302	59.2501	49.2197	-507.53	720.44	-78.86	41.78	61.00	369.35	125.00	350.00	370.24	181.69	-0.7322	-0.7252	-0.7323	-19.72	-19.79	-19.75	-137.95	-136.23	-137.11	44.54	44.91	44.70	29.66	135605	995.00	6000.00	
15808	-997	-471.61660	625.00	604.48	603.67	607.17	602.60	77.60	77.26	77.91	0.7297	59.2762	49.2229	-507.31	722.23	-78.93	41.61	61.35	369.88	125.00	350.00	370.28	181.59	-0.7318	-0.7248	-0.7316	-19.72	-19.80	-19.75	-137.94	-136.21	-136.99	44.58	44.96	44.75	29.41	135605	994.91	6000.00	
15908	-997	-471.69100	625.00	605.36	604.49	608.20	603.38	77.62	77.24	77.96	0.7298	59.3837	49.2441	-508.08	722.44	-78.85	41.59	61.90	369.54	125.00	350.00	370.26	182.11	-0.7321	-0.7246	-0.7318	-19.75	-19.85	-19.79	-138.02	-136.19	-136.92	44.56	44.99	44.76	29.25	135606	994.66	6000.00	
16008	-997	-471.73020	625.00	604.87	603.80	607.17	603.62	77.55	77.33	77.94	0.7295	59.3156	49.2485	-507.60	721.68	-78.93	41.69	62.00	369.48	125.00	350.00	370.27	182.15	-0.7322	-0.7250	-0.7306	-19.73	-19.80	-19.78	-137.95	-136.09	-136.94	44.58	44.94	44.80	29.34	135606	994.05	6000.00	
16108	-997	-471.73670	625.00	604.35	603.56	606.78	602.70	77.62	77.31	77.93	0.7300	59.3162	49.2372	-507.25	722.84	-79.02	41.57	62.00	370.44	125.00	350.00	370.29	181.12	-0.7320	-0.7253	-0.7320	-19.73	-19.81	-19.78	-137.93	-136.22	-137.09	44.60	44.97	44.78	29.59	135606	994.00	6000.00	
16208	-997	-471.88120	625.00	604.99	603.71	607.51	603.74	77.59	77.35	78.00	0.7292	59.3262	49.2726	-508.79	722.99	-78.92	41.58	62.00	369.34	125.00	350.00	370.27	181.80	-0.7323	-0.7242	-0.7301	-19.74	-19.81	-19.78	-138.00	-136.01	-136.88	44.59	44.98	44.82	29.75	135606	994.55	6000.00	
16308	-997	-471.91440	625.00	604.77	604.10	607.08	603.12	77.67	77.39	77.95	0.7295	59.3530	49.2722	-507.82	722.25	-79.06	41.69	62.00	369.31	125.00	350.00	370.18	181.28	-0.7317	-0.7248	-0.7314	-19.76	-19.81	-19.78	-137.86	-136.14	-137.04	44.65	44.98	44.80	29.66	135606	995.00	6000.00	
16408	-997	-471.95920	625.00	605.11	603.61	607.78	603.93	77.63	77.38	78.06	0.7293	59.3871	49.2711	-508.30	723.24	-79.02	41.57	62.00	369.74	125.00	350.00	370.19	181.92	-0.7323	-0.7244	-0.7303	-19.75	-19.84	-19.80	-138.00	-136.04	-136.94	44.61	45.01	44.85	29.41	135606	995.00	6000.00	
16508	-997	-472.06680	625.00	604.56	603.47	607.07	603.14	77.67	77.42	78.04	0.7295	59.3630	49.3091	-508.79	721.97	-78.99	41.72	62.00	369.40	125.00	350.00	370.21	181.76	-0.7322	-0.7247	-0.7309	-19.75	-19.82	-19.79	-137.94	-136.07	-137.00	44.64	45.01	44.85	29.25	135606	995.00	6000.00	
16608	-997	-472.01690	625.00	605.16	604.44	607.34	603.69	77.72	77.46	78.04	0.7294	59.4386	49.2886	-507.52	721.74	-79.13	41.78	61.05	369.74	125.00	350.00	370.13	182.41	-0.7316	-0.7247	-0.7311	-19.78	-19.84	-19.82	-137.90	-136.09	-136.96	44.67	45.03	44.86	29.34	135606	995.00	6000.00	
16708	-997	-472.15510	625.00	605.20	604.00	608.10	603.49	77.78	77.43	78.15	0.7290	59.4388	49.2988	-508.27	724.08	-79.10	41.54	61.00	369.45	125.00	350.00	370.25	181.75	-0.7323	-0.7237	-0.7301	-19.78	-19.86	-19.80	-137.96	-136.04	-136.90	44.66	45.09	44.88	29.59	135606	995.45	6000.00	
16808	-997	-472.10610	625.00	605.62	604.65	608.16	604.05	77.76	77.44	78.09	0.7288	59.4511	49.3154	-508.55	723.01	-79.09	41.68	61.59	369.18	125.00	350.00	370.24	182.47	-0.7319	-0.7236	-0.7301	-19.80	-19.85	-19.81	-138.07	-135.96	-136.87	44.67	45.06	44.86	29.75	135606	996.00	6000.00	
16908	-997	-472.06360	625.00	604.89	603.68	607.18	603.80	77.75	77.52	78.14	0.7292	59.4432	49.2928	-507.78	722.68	-79.22	41.72	61.99	369.90	125.00	350.00	370.13	181.55	-0.7320	-0.7246	-0.7303	-19.77	-19.84	-19.82	-137.92	-136.09	-137.01	44.69	45.06	44.91	29.66	135607	996.00	6000.00	
17008	-998	-472.23060	625.00	605.37	604.39	607.81	603.90	77.80	77.46	78.12	0.7291	59.4732	49.3351	-507.96	723.99	-79.20	41.60	62.00	369.37	125.00	350.00	370.26	182.44	-0.7318	-0.7241	-0.7306	-19.79	-19.86	-19.82	-137.98	-136.09	-136.89	44.69	45.08	44.87	29.41	135607	996.00	6000.00	
17108	-997	-472.11660	625.00	605.41	604.72	607.56	603.94	77.84	77.54	78.10	0.7291	59.5006	49.3227	-509.10	723.01	-79.09	41.70	62.00	369.19	125.00	350.00	370.19	182.57	-0.7310	-0.7243	-0.7311	-19.81	-19.85	-19.84	-137.93	-136.09	-136.91	44.74	45.07	44.88	29.25	135607	996.00	6000.00	
17208	-998	-472.21420	625.00	605.12	604.28	607.49	603.57	77.84	77.48	78.13	0.7297	59.5194	49.3218	-508.27	723.17	-79.13	41.69	62.00	369.79	125.00	350.00	370.19	181.96	-0.7319	-0.7246	-0.7318	-19.80	-19.87	-19.84	-137.98	-136.03	-137.09	44.71	45.10	44.88	29.34	135607	996.00	6000.00	
17308	-998	-472.15300	625.00	605.41	604.39	607.67	604.16	77.77	77.50	78.09	0.7293	59.4890	49.3297	-508.88	723.97	-79.06	41.60	62.00	369.19	125.00	350.00	370.21	182.62	-0.7319	-0.7243	-0.7307	-19.80	-19.85	-19.84	-138.03	-136.07	-136.85	44.70	45.05	44.88	29.59	135607	996.00	6000.00	
17408	-998	-472.20600	625.00	605.02	603.92	607.98	603.16	77.89	77.48	78.21	0.7292	59.4980	49.3324	-508.81	722.47	-79.10	41.81	62.00	369.32	125.00	350.00	370.25	182.03	-0.7324	-0.7237	-0.7307	-19.81	-19.88	-19.81	-137.95	-136.03	-136.98	44.72	45.15	44.90	29.75	135607	996.00	6000.00	
17508	-998	-472.23990	625.00	605.04	603.85	607.63	603.64	77.84	77.52	78.19	0.7295	59.5196	49.3258	-507.88	723.24	-79.17	41.71	61.91	369.71	125.00	350.00	370.21	182.30	-0.7323	-0.7246	-0.7309	-19.80	-19.88	-19.84	-137.94	-136.11	-136.96	44.71	45.12	44.92	29.66	135607	996.00	6000.00	
17608	-998	-472.18770	625.00	605.37	604.30	608.40	603.41	77.92	77.50	78.19	0.7291	59.5284	49.3425	-509.13	724.10	-78.99	41.59	61.00	370.04	125.00	350.00	370.26	182.57	-0.7322	-0.7234	-0.7307	-19.82	-19.89	-19.82	-138.02	-136.04	-136.87	44.73	45.15	44.89	29.41	135607	995.91	6000.00	
17708	-998	-472.08710	625.00	605.18	604.30	608.02	603.22	77.88	77.45	78.12	0.7294	59.4955	49.3224	-509.04	723.01	-79.06	41.75	61.00	369.82	125.00	350.00	370.27	182.22	-0.7324	-0.7237	-0.7311	-19.82	-19.87	-19.80	-138.09	-136.02	-136.92	44.71	45.12	44.85	29.25	135607	995.01	6000.00	
17808	-998	-472.16360	625.00	604.93	603.96	607.42	603.40	77.89	77.55	78.13	0.7292	59.4875	49.3162	-507.92	723.35	-79.16	41.71	61.35	369.85	125.00	350.00	370.22	182.33	-0.7319	-0.7238	-0.7309	-19.82	-19.85	-19.82	-138.06	-135.95	-136.94	44.75	45.10	44.89	29.34	135607	995.00	6000.00	
17908	-998	-472.06240	625.00	604.95	603.75	607.56	603.53	77.84	77.53	78.13	0.7295	59.4958	49.3476	-509.36	724.14	-79.00	41.60	62.00	369.69	125.00	350.00	370.25	182.32	-0.7320	-0.7244	-0.7310	-19.80	-19.86	-19.83	-138.06	-136.10	-136.88	44.73	45.09	44.90	29.59	135608	995.00	6000.00	
18008	-998	-472.43340	625.00	605.29	604.18	607.81	603.86	77.88	77.62	78.25	0.7299	59.6264	49.3691	-508.50	722.73	-79.15	41.76	62.00	369.82	125.00	350.00	370.20	182.02	-0.7321	-0.7254	-0.7314	-19.83	-19.92	-19.88	-137.94	-136.23	-136.99	44.76	45.13	44.97	29.75	135608	995.00	6000.00	
18108	-998	-472.19080	625.00	605.30	604.28	608.14	603.48	77.86	77.52	78.19	0.7295	59.5464	49.3402	-508.58	723.82	-79.10	41.65	62.00	370.25	125.00	350.00	370.26	182.77	-0.7324	-0.7243	-0.7307	-19.82	-19.89	-19.83	-138.01	-136.17	-136.86	44.72	45.13	44.91	29.66	135608	995.26	6000.00	
18208	-998	-472.44490	625.00	605.18	604.27	607.82	603.43	77.90	77.60	78.21	0.7295	59.5727	49.3792	-508.98	723.68	-79.14	41.68	62.00	334.04	125.00	350.00	370.24	182.31	-0.7324	-0.7245	-0.7309	-19.84	-19.89	-19.84	-137.98	-136.17	-137.01	44.76	45.13	44.94	29.41	135608	995.30	6000.00	
18308	-998	-472.20630	625.00	605.27	603.89	608.31	603.60	77.91	77.53	78.24	0.7297	59.5854	49.3499	-508.44	722.76	-79.18	41.80	62.00	369.56	125.00	350.00	370.20	182.61	-0.7324	-0.7244	-0.7312	-19.82	-19.92	-19.85	-138.05	-136.10	-136.86	44.74	45.16	44.92	29.25	135608	995.34	6000.00	
18408	-998	-472.38520	625.00	605.22	604.31	607.94	603.41	77.91	77.57	78.19	0.7300	59.6101	49.3682	-508.57	724.13	-79.18	41.68	62.00	369.54	125.00	350.00	370.33	182.51	-0.7323	-0.7250	-0.7317	-19.84	-19.91	-19.86	-138.03	-136.25	-136.92	44.76	45.13	44.92	29.34	135608	995.95	6000.00	
18508	-998	-472.35880	625.00	605.44	604.94	608.34	603.03	78.00	77.59	78.26	0.7298	59.6593	49.3829	-509.68	723.96	-79.05	41.69	62.00	369.24	125.00	350.00	370.21	182.66	-0.7321	-0.7246	-0.7319	-19.87	-19.94	-19.86	-137.94	-136.24	-136.94	44.79	45.19	44.94	29.59	135608	996.00	6000.00	
18608	-998	-472.38790	625.00	605.61	604.85	608.48	603.48	77.96	77.60	78.29	0.7298	59.6723	49.3667	-508.49	722.68	-79.18	41.82	61.54	370.19	125.00	350.00	370.19	182.53	-0.7323	-0.7248	-0.7313	-19.86	-19.94	-19.87	-137.93	-136.28	-136.91	44.77	45.19	44.96	29.75	135608	996.00	6000.00	
18708	-998	-472.30330	625.00	605.52	604.85	608.73	602.97	78.02	77.59	78.32	0.7297	59.6795	49.3586	-508.85	724.28	-79.21	41.67	60.99	369.85	125.00	350.00	370.16	183.15	-0.7325	-0.7245	-0.7314	-19.87	-19.96	-19.85	-137.94	-136.30	-136.95	44.79	45.22	44.96	29.66	135608	996.00	6000.00	
18808	-998	-471.98610	625.00	604.98	604.13	607.53	603.27	77.97	77.67	78.22	0.7299	59.6178	49.3464	-509.80	723.25	-79.09	41.78	61.00	369.39	125.00	350.00	370.26	182.63	-0.7320	-0.7251	-0.7315	-19.85	-19.90	-19.86	-138.00	-136.21	-136.92	44.81	45.15	44.96	29.41	135608	996.00	6000.00	
18908	-998	-472.01080	625.00	604.98	603.93	607.60	603.40	77.90	77.60	78.20	0.7303	59.6118	49.3211	-508.18	722.53	-79.28	41.90	61.00	369.69	125.00	350.00	370.16	182.76	-0.7326	-0.7255	-0.7317	-19.84	-19.91	-19.87	-138.05	-136.25	-136.87	44.76	45.12	44.94	29.25	135609	996.00	6000.00	
19008	-998	-472.11760	625.00	604.67	603.15	607.23	603.63	77.91	77.67	78.20	0.7303	59.6021	49.3626	-508.44	724.26	-79.29	41.70	61.95	369.68	125.00	350.00	370.20	183.43	-0.7323	-0.7253	-0.7319	-19.82	-19.89	-19.89	-138.14	-136.01	-136.97	44.79	45.12	44.96	29.34	135609	996.36	6000.00	
19108	-998	-471.83680	625.00	604.99	603.99	607.95	603.02	77.95	77.52	78.14	0.7309	59.6388	49.3382	-508.86	722.91	-79.24	41.90	62.00	369.27	125.00	350.00	370.24	182.91	-0.7327	-0.7253	-0.7333	-19.85	-19.92	-19.87	-138.18	-136.20	-136.94	44.77	45.14	44.88	29.59	135609	996.96	6000.00	
19208	-998	-472.07930	625.00	604.75	603.45	607.48	603.30	77.99	77.66	78.22	0.7306	59.6562	49.3373	-507.90	723.15	-79.34	41.86	62.00	369.99	125.00	350.00	370.14	182.46	-0.7323	-0.7255	-0.7327	-19.84	-19.92	-19.89	-138.16	-136.12	-136.92	44.82	45.16	44.95	29.75	135609	997.00	6000.00	
19308	-998	-472.21480	625.00	604.90	603.41	607.66	603.60	77.94	77.63	78.24	0.7305	59.6468	49.3767	-508.67	724.26	-79.26	41.78	62.00	369.71	125.00	350.00	370.16	182.94	-0.7330	-0.7251	-0.7320	-19.85	-19.92	-19.89	-138.19	-136.07	-136.95	44.79	45.15	44.96	29.66	135609	997.00	6000.00	
19408	-998	-471.93920	625.00	605.16	604.00	607.92	603.54	78.00	77.71	78.33	0.7304	59.7228	49.3341	-509.05	723.62	-79.17	41.84	62.00	369.47	125.00	350.00	370.17	182.76	-0.7327	-0.7255	-0.7319	-19.87	-19.95	-19.91	-138.07	-136.19	-137.01	44.82	45.19	45.01	29.41	135609	997.00	6000.00	
19508	-998	-472.06090	625.00	604.62	602.90	607.57	603.37	77.91	77.64	78.22	0.7309	59.6461	49.3369	-507.98	723.43	-79.31	41.89	62.00	369.95	125.00	350.00	370.13	182.80	-0.7327	-0.7260	-0.7326	-19.82	-19.93	-19.90	-138.21	-136.18	-136.85	44.78	45.13	44.96	29.25	135609	997.00	6000.00	
19608	-999	-472.17640	625.00	604.77	603.59	607.43	603.29	77.96	77.63	78.21	0.7311	59.6828	49.3804	-508.96	724.19	-79.21	41.81	62.00	369.48	125.00	350.00	370.21	182.87	-0.7331	-0.7259	-0.7329	-19.86	-19.93	-19.89	-138.17	-136.17	-136.99	44.80	45.15	44.94	29.34	135609	997.00	6000.00	
19708	-999	-472.16770	625.00	605.08	603.96	607.97	603.30	77.97	77.64	78.29	0.7306	59.7022	49.3835	-508.84	723.07	-79.20	41.92	61.45	369.30	125.00	350.00	370.22	183.07	-0.7333	-0.7254	-0.7320	-19.87	-19.95	-19.89	-138.11	-136.17	-136.94	44.79	45.18	44.98	29.59	135609	997.00	6000.00	
19808	-999	-472.26440	625.00	604.85	603.75	607.67	603.12	78.03	77.67	78.30	0.7306	59.7059	49.3667	-508.31	724.16	-79.25	41.85	60.99	369.83	125.00	350.00	370.09	183.05	-0.7330	-0.7254	-0.7324	-19.87	-19.95	-19.89	-138.11	-136.17	-136.98	44.82	45.20	44.98	29.75	135609	997.00	6000.00	
19908	-998	-472.09880	625.00	605.24	604.62	608.07	603.04	78.06	77.69	78.34	0.7308	59.7801	49.3721	-509.41	724.57	-79.16	41.76	61.00	369.43	125.00	350.00	370.33	183.08	-0.7328	-0.7259	-0.7327	-19.89	-19.98	-19.91	-138.03	-136.36	-136.97	44.83	45.22	44.99	29.66	135610	997.00	6000.00	
20008	-999	-472.00760	625.00	605.05	603.95	608.02	603.19	78.02	77.68	78.31	0.7305	59.7183	49.3600	-508.63	722.85	-79.28	42.00	61.30	369.12	125.00	350.00	370.23	183.16	-0.7329	-0.7255	-0.7320	-19.87	-19.95	-19.89	-138.08	-136.26	-136.85	44.82	45.20	44.99	29.41	135610	997.00	6000.00	
20108	-999	-472.14080	625.00	604.96	603.77	607.86	603.24	78.00	77.68	78.28	0.7308	59.7222	49.3600	-507.92	723.09	-79.34	41.95	61.65	369.97	125.00	350.00	370.17	183.33	-0.7332	-0.7258	-0.7324	-19.87	-19.95	-19.90	-138.16	-136.24	-136.95	44.82	45.18	44.98	29.25	135610	997.00	6000.00	
20208	-999	-472.09050	625.00	604.92	603.69	607.72	603.33	77.99	77.70	78.29	0.7310	59.7351	49.3850	-509.40	724.06	-79.14	41.85	62.00	334.53	125.00	350.00	370.28	183.35	-0.7332	-0.7262	-0.7324	-19.87	-19.95	-19.91	-138.13	-136.29	-136.88	44.82	45.18	45.00	29.34	135610	997.00	6000.00	
20308	-999	-471.94140	625.00	605.04	603.80	607.84	603.47	77.98	77.65	78.29	0.7312	59.7515	49.3607	-508.91	722.86	-79.22	42.00	62.00	369.26	125.00	350.00	370.21	182.70	-0.7335	-0.7261	-0.7329	-19.88	-19.96	-19.92	-138.19	-136.30	-136.94	44.80	45.18	44.98	29.59	135610	996.64	6000.00	
20408	-999	-472.18420	625.00	605.36	604.22	608.09	603.77	78.01	77.69	78.31	0.7315	59.8298	49.3703	-508.72	723.69	-79.22	41.91	62.00	369.66	125.00	350.00	370.12	183.47	-0.7330	-0.7267	-0.7335	-19.89	-19.99	-19.96	-138.18	-136.35	-136.98	44.82	45.19	44.99	29.75	135610	996.70	6000.00	
20508	-999	-471.94460	625.00	604.80	604.03	607.82	602.55	78.08	77.73	78.33	0.7310	59.7655	49.3788	-509.13	723.98	-79.16	41.89	62.00	369.55	125.00	350.00	370.16	183.37	-0.7330	-0.7260	-0.7327	-19.89	-19.97	-19.90	-138.11	-136.37	-136.90	44.86	45.22	45.01	29.66	135610	996.96	6000.00	
20608	-999	-472.14040	625.00	605.09	603.90	607.85	603.51	78.04	77.75	78.37	0.7311	59.8022	49.3741	-509.07	722.67	-79.20	42.06	62.00	369.34	125.00	350.00	370.29	182.95	-0.7337	-0.7262	-0.7324	-19.90	-19.98	-19.93	-138.12	-136.20	-137.05	44.84	45.21	45.03	29.41	135610	996.14	6000.00	
20708	-999	-472.00840	625.00	605.16	603.86	607.88	603.74	78.04	77.77	78.40	0.7312	59.8333	49.3473	-507.98	723.51	-79.28	41.97	61.91	370.09	125.00	350.00	370.22	182.88	-0.7335	-0.7265	-0.7325	-19.89	-19.99	-19.95	-138.09	-136.25	-137.07	44.85	45.23	45.05	29.25	135610	996.44	6000.00	
20808	-999	-471.95560	625.00	605.09	603.78	607.84	603.65	77.98	77.77	78.35	0.7316	59.8307	49.3768	-509.37	723.72	-79.12	41.97	61.26	369.42	125.00	350.00	370.18	183.18	-0.7336	-0.7271	-0.7328	-19.89	-19.99	-19.95	-138.13	-136.36	-136.99	44.84	45.19	45.05	29.34	135610	996.00	6000.00	
20908	-999	-471.95890	625.00	604.83	603.53	607.75	603.19	77.98	77.67	78.25	0.7314	59.7373	49.3659	-508.48	722.40	-79.23	42.15	61.01	369.56	125.00	350.00	370.17	183.41	-0.7340	-0.7262	-0.7328	-19.89	-19.95	-19.90	-138.29	-136.20	-136.90	44.81	45.16	44.97	29.59	135611	996.00	6000.00	
21008	-999	-472.25390	625.00	605.22	603.90	607.81	603.96	78.01	77.78	78.38	0.7315	59.8577	49.3779	-508.30	724.20	-79.26	41.96	61.00	369.61	125.00	350.00	370.17	182.99	-0.7339	-0.7268	-0.7328	-19.91	-19.99	-19.96	-138.19	-136.20	-137.07	44.84	45.20	45.05	29.75	135611	996.00	6000.00	
21108	-999	-471.91590	625.00	605.00	603.50	607.93	603.56	78.02	77.79	78.42	0.7318	59.8732	49.3755	-509.25	724.00	-79.15	41.95	61.00	369.31	125.00	350.00	370.14	183.51	-0.7338	-0.7273	-0.7332	-19.89	-20.01	-19.97	-138.21	-136.33	-137.06	44.85	45.22	45.07	29.66	135611	996.00	6000.00	
21208	-999	-472.00950	625.00	604.70	603.19	607.65	603.24	77.98	77.78	78.37	0.7317	59.8069	49.3677	-508.46	722.29	-79.24	42.16	61.00	369.49	125.00	350.00	370.27	183.26	-0.7341	-0.7272	-0.7325	-19.88	-19.99	-19.94	-138.22	-136.40	-136.95	44.83	45.19	45.06	29.41	135611	996.00	6000.00	
21308	-999	-472.19890	625.00	605.24	604.31	607.61	603.78	78.06	77.84	78.42	0.7319	59.9288	49.3833	-508.44	724.37	-79.20	41.94	61.65	369.93	125.00	350.00	370.24	183.94	-0.7336	-0.7278	-0.7335	-19.92	-20.02	-19.99	-138.09	-136.44	-137.13	44.88	45.22	45.08	29.25	135611	996.00	6000.00	
21408	-999	-472.06980	625.00	605.11	603.54	607.84	603.94	78.06	77.86	78.45	0.7312	59.8723	49.3945	-509.16	723.65	-79.16	42.03	62.00	369.25	125.00	350.00	370.23	184.09	-0.7339	-0.7265	-0.7321	-19.91	-20.00	-19.96	-138.19	-136.20	-137.04	44.88	45.23	45.10	29.34	135611	996.29	6000.00	
21508	-999	-471.99050	625.00	604.87	603.56	607.87	603.17	78.05	77.81	78.47	0.7315	59.8608	49.3668	-508.26	722.59	-79.26	42.18	62.00	369.37	125.00	350.00	370.19	183.54	-0.7341	-0.7270	-0.7324	-19.90	-20.01	-19.95	-138.14	-136.46	-136.98	44.85	45.25	45.09	29.59	135611	996.63	6000.00	
21608	-999	-472.01440	625.00	604.83	603.42	608.09	602.97	78.08	77.82	78.46	0.7315	59.8659	49.3661	-508.25	724.20	-79.25	41.98	62.00	369.76	125.00	350.00	370.18	184.21	-0.7339	-0.7268	-0.7326	-19.91	-20.02	-19.94	-138.24	-136.37	-136.98	44.87	45.25	45.09	29.75	135611	996.79	6000.00	
21708	-999	-471.99850	625.00	605.17	603.76	608.12	603.63	78.02	77.80	78.45	0.7321	59.9248	49.3999	-509.43	723.71	-79.13	42.05	62.00	369.35	125.00	350.00	370.24	183.56	-0.7341	-0.7279	-0.7332	-19.91	-20.04	-19.98	-138.21	-136.53	-136.98	44.84	45.23	45.09	29.66	135611	997.00	6000.00	
21808	-999	-472.09530	625.00	604.81	603.09	607.84	603.49	78.06	77.88	78.55	0.7315	59.8986	49.3813	-508.61	723.04	-79.22	42.14	62.00	370.17	125.00	350.00	370.21	183.68	-0.7345	-0.7271	-0.7321	-19.91	-20.02	-19.97	-138.20	-136.27	-137.10	44.87	45.27	45.15	29.41	135611	997.00	6000.00	
21908	-999	-472.15310	625.00	604.79	603.59	607.64	603.14	78.11	77.88	78.53	0.7316	59.9122	49.3864	-509.07	724.35	-79.20	42.01	61.15	369.49	125.00	350.00	370.22	183.64	-0.7344	-0.7272	-0.7325	-19.93	-20.02	-19.96	-138.12	-136.39	-137.14	44.89	45.28	45.13	29.25	135612	997.00	6000.00	
22008	-999	-471.93870	625.00	604.90	603.46	607.93	603.31	78.11	77.86	78.49	0.7313	59.8821	49.3910	-509.44	723.50	-79.16	42.10	60.99	369.55	125.00	350.00	370.21	183.82	-0.7344	-0.7264	-0.7321	-19.93	-20.01	-19.95	-138.19	-136.29	-137.00	44.89	45.27	45.11	29.34	135612	997.00	6000.00	
22108	-999	-472.05870	625.00	605.11	603.94	607.87	603.53	78.04	77.75	78.37	0.7324	59.9190	49.3880	-508.76	722.85	-79.26	42.17	61.00	369.41	125.00	350.00	370.12	183.87	-0.7344	-0.7277	-0.7340	-19.92	-20.02	-19.98	-138.25	-136.37	-137.01	44.85	45.22	45.04	29.59	135612	997.00	6000.00	
22208	-999	-472.12790	625.00	605.20	603.95	607.98	603.66	78.06	77.81	78.48	0.7322	59.9570	49.3832	-509.04	724.73	-79.19	41.96	61.00	334.85	125.00	350.00	370.21	183.53	-0.7348	-0.7276	-0.7332	-19.94	-20.04	-19.98	-138.22	-136.44	-137.04	44.86	45.26	45.10	29.75	135612	997.00	6000.00	
22308	-999	-472.03380	625.00	605.19	604.02	607.88	603.66	78.02	77.82	78.47	0.7320	59.9292	49.4096	-509.37	723.31	-79.18	42.14	61.00	369.62	125.00	350.00	370.20	183.43	-0.7350	-0.7275	-0.7325	-19.94	-20.02	-19.97	-138.19	-136.48	-136.94	44.85	45.23	45.10	29.66	135612	997.00	6000.00	
22408	-999	-472.00280	625.00	604.84	603.63	607.64	603.23	78.10	77.87	78.50	0.7320	59.9359	49.3773	-509.00	723.29	-79.26	42.16	61.30	369.95	125.00	350.00	370.25	183.37	-0.7346	-0.7275	-0.7329	-19.94	-20.03	-19.97	-138.22	-136.42	-137.03	44.89	45.27	45.12	29.41	135612	997.00	6000.00	
22508	-999	-472.14050	625.00	605.11	604.14	607.64	603.56	78.07	77.84	78.45	0.7324	59.9682	49.3864	-509.13	724.45	-79.22	42.03	61.35	369.52	125.00	350.00	370.27	183.35	-0.7348	-0.7279	-0.7336	-19.95	-20.03	-19.99	-138.20	-136.46	-137.10	44.88	45.24	45.10	29.25	135612	997.00	6000.00	
22608	-999	-472.20210	625.00	605.45	604.50	607.84	604.02	78.08	77.85	78.43	0.7325	60.0062	49.4267	-509.42	723.23	-79.21	42.19	62.00	369.04	125.00	350.00	370.27	183.92	-0.7347	-0.7280	-0.7337	-19.96	-20.03	-20.01	-138.16	-136.45	-137.06	44.89	45.23	45.09	29.34	135612	997.20	6000.00	
22708	-999	-472.05680	625.00	605.27	603.91	608.02	603.83	78.08	77.87	78.55	0.7323	60.0086	49.3805	-508.54	722.73	-79.31	42.25	62.00	370.06	125.00	350.00	370.23	184.29	-0.7350	-0.7280	-0.7329	-19.95	-20.06	-20.00	-138.16	-136.50	-137.01	44.87	45.28	45.14	29.59	135612	997.00	6000.00	
22808	-999	-472.17400	625.00	605.45	604.44	608.28	603.63	78.17	77.87	78.53	0.7322	60.0376	49.4064	-508.89	723.91	-79.26	42.11	62.00	369.89	125.00	350.00	370.21	183.97	-0.7347	-0.7275	-0.7334	-19.97	-20.07	-20.00	-138.18	-136.46	-137.08	44.91	45.31	45.12	29.75	135612	997.36	6000.00	
22908	-999	-472.10780	625.00	605.04	603.64	608.15	603.32	78.14	77.85	78.59	0.7323	60.0053	49.4163	-509.35	723.33	-79.22	42.20	62.00	369.37	125.00	350.00	370.28	183.88	-0.7354	-0.7275	-0.7330	-19.95	-20.07	-19.99	-138.18	-136.42	-137.10	44.89	45.32	45.14	29.66	135613	997.60	6000.00	
23008	-999	-472.15020	625.00	605.74	604.75	608.39	604.08	78.17	77.87	78.51	0.7319	60.0366	49.3989	-508.33	722.93	-79.35	42.26	61.61	369.74	125.00	350.00	370.23	184.54	-0.7350	-0.7268	-0.7329	-19.99	-20.05	-19.99	-138.19	-136.28	-137.06	44.92	45.30	45.11	29.41	135613	997.99	6000.00	
23108	-999	-472.23350	625.00	605.47	604.29	608.07	604.06	78.18	77.97	78.60	0.7322	60.0834	49.4072	-509.00	724.29	-79.24	42.11	61.00	369.18	125.00	350.00	370.17	184.49	-0.7347	-0.7278	-0.7332	-19.98	-20.07	-20.03	-138.12	-136.46	-137.13	44.94	45.32	45.18	29.25	135613	998.00	6000.00	
23208	-999	-471.97940	625.00	605.17	603.95	608.53	603.01	78.21	77.86	78.61	0.7318	60.0046	49.4049	-509.31	723.01	-79.22	42.27	61.00	369.22	125.00	350.00	370.25	183.93	-0.7355	-0.7265	-0.7326	-19.98	-20.07	-19.96	-138.21	-136.33	-137.01	44.91	45.36	45.13	29.34	135613	998.00	6000.00	
23308	-999	-472.06060	625.00	605.24	604.17	607.93	603.60	78.19	77.93	78.55	0.7325	60.0637	49.3855	-508.16	722.44	-79.35	42.35	61.00	369.20	125.00	350.00	370.15	183.90	-0.7350	-0.7279	-0.7336	-19.98	-20.07	-20.01	-138.16	-136.47	-137.15	44.94	45.31	45.14	29.59	135613	998.00	6000.00	
23408	-999	-472.16070	625.00	605.52	604.44	607.89	604.21	78.15	77.92	78.56	0.7330	60.1248	49.4085	-508.46	724.01	-79.31	42.18	61.00	368.97	125.00	350.00	370.20	184.09	-0.7351	-0.7288	-0.7344	-19.98	-20.08	-20.06	-138.15	-136.54	-137.25	44.92	45.29	45.15	29.75	135613	998.00	6000.00	
23508	-999	-472.11820	625.00	605.11	603.54	607.80	603.97	78.08	77.90	78.59	0.7331	60.0771	49.4215	-508.83	723.12	-79.30	42.27	61.00	369.12	125.00	350.00	370.22	183.88	-0.7357	-0.7289	-0.7337	-19.95	-20.08	-20.04	-138.20	-136.54	-137.14	44.88	45.29	45.17	29.66	135613	998.00	6000.00	
23608	-999	-472.04060	625.00	605.34	604.10	608.51	603.40	78.22	77.89	78.65	0.7324	60.0932	49.3835	-508.03	722.87	-79.36	42.33	61.00	369.62	125.00	350.00	370.17	183.86	-0.7358	-0.7274	-0.7333	-19.99	-20.10	-20.01	-138.16	-136.44	-137.11	44.91	45.37	45.16	29.41	135613	998.00	6000.00	
23708	-999	-472.16580	625.00	605.33	604.33	607.68	603.97	78.13	77.93	78.55	0.7331	60.1093	49.4086	-508.81	724.24	-79.30	42.15	61.65	369.82	125.00	350.00	370.21	184.05	-0.7356	-0.7288	-0.7340	-19.99	-20.07	-20.04	-138.17	-136.52	-137.28	44.92	45.29	45.15	29.25	135613	998.00	6000.00	
23808	-999	-472.09120	625.00	605.42	603.98	608.55	603.71	78.18	77.86	78.64	0.7326	60.0939	49.4122	-509.23	723.34	-79.26	42.27	62.00	369.29	125.00	350.00	370.18	184.28	-0.7361	-0.7276	-0.7332	-19.98	-20.10	-20.01	-138.26	-136.43	-137.12	44.89	45.35	45.15	29.34	135613	998.00	6000.00	
23908	-999	-472.14180	625.00	605.46	604.31	608.26	603.78	78.17	77.86	78.57	0.7329	60.1047	49.3991	-508.18	723.07	-79.39	42.32	62.00	369.91	125.00	350.00	370.13	184.75	-0.7357	-0.7281	-0.7340	-19.99	-20.09	-20.02	-138.28	-136.48	-137.15	44.90	45.32	45.13	29.59	135614	998.00	6000.00	
24008	-999	-472.20290	625.00	605.36	604.37	608.08	603.62	78.22	77.91	78.58	0.7335	60.1682	49.4144	-508.74	724.33	-79.30	42.18	62.00	368.92	125.00	350.00	370.24	184.38	-0.7356	-0.7289	-0.7351	-20.00	-20.11	-20.06	-138.20	-136.57	-137.23	44.93	45.34	45.14	29.75	135614	998.00	6000.00	
24108	-999	-472.13240	625.00	605.21	604.14	607.63	603.86	78.12	77.93	78.58	0.7334	60.1292	49.4275	-508.85	723.27	-79.29	42.30	62.00	369.14	125.00	350.00	370.24	183.65	-0.7358	-0.7293	-0.7343	-19.99	-20.09	-20.05	-138.20	-136.67	-137.19	44.91	45.29	45.17	29.66	135614	998.00	6000.00	
24208	-999	-472.02450	625.00	605.41	604.04	608.11	604.08	78.13	77.89	78.61	0.7334	60.1468	49.3892	-508.24	723.24	-79.39	42.29	61.91	335.09	125.00	350.00	370.25	184.48	-0.7363	-0.7289	-0.7341	-19.99	-20.10	-20.05	-138.27	-136.58	-137.13	44.89	45.32	45.16	29.41	135614	998.00	6000.00	
24308	-999	-472.15110	625.00	605.41	604.05	608.12	604.07	78.17	77.93	78.61	0.7334	60.1647	49.4159	-508.45	724.28	-79.36	42.17	61.00	369.87	125.00	350.00	370.36	184.20	-0.7360	-0.7290	-0.7343	-20.00	-20.11	-20.06	-138.26	-136.56	-137.24	44.92	45.32	45.18	29.25	135614	998.00	6000.00	
24408	-999	-472.07610	625.00	605.31	604.12	608.47	603.33	78.20	77.82	78.60	0.7330	60.1039	49.4259	-508.76	723.12	-79.34	42.33	61.00	369.42	125.00	350.00	370.22	184.15	-0.7368	-0.7276	-0.7339	-20.01	-20.09	-20.00	-138.31	-136.37	-137.18	44.89	45.35	45.12	29.34	135614	998.00	6000.00	
24508	-999	-472.12340	625.00	605.04	603.61	607.99	603.52	78.19	77.92	78.64	0.7334	60.1416	49.4028	-508.15	723.35	-79.37	42.30	61.00	369.49	125.00	350.00	370.27	183.62	-0.7363	-0.7288	-0.7343	-19.99	-20.11	-20.04	-138.30	-136.54	-137.22	44.91	45.35	45.17	29.59	135614	998.00	6000.00	
24608	-999	-472.08200	625.00	605.29	603.93	607.64	604.28	78.09	77.96	78.65	0.7337	60.1789	49.4077	-508.37	724.34	-79.37	42.21	61.00	369.62	125.00	350.00	370.24	183.73	-0.7365	-0.7299	-0.7340	-19.99	-20.11	-20.08	-138.19	-136.68	-137.20	44.89	45.30	45.21	29.75	135614	998.00	6000.00	
24708	-999	-471.83620	78.45	605.07	603.92	607.93	603.35	78.20	77.92	78.59	0.7339	60.1763	49.3730	-508.64	723.09	-79.34	42.35	61.00	369.25	125.00	350.00	370.23	183.99	-0.7361	-0.7294	-0.7353	-20.00	-20.12	-20.06	-138.25	-136.57	-137.28	44.93	45.33	45.16	29.66	135614	998.00	6000.00	
24808	-995	-463.04170	-2.19	603.68	602.40	606.02	602.62	77.97	77.83	78.38	0.7341	59.9218	48.0962	-502.19	716.22	-78.60	42.48	61.00	370.59	125.00	350.00	370.17	183.17	-0.7373	-0.7299	-0.7344	-19.95	-20.00	-19.97	-138.36	-136.57	-137.25	44.85	45.18	45.09	29.41	135614	998.00	6000.00	
24908	-990	-438.63220	-0.02	591.34	590.17	594.01	589.82	76.28	76.11	76.62	0.7456	58.2914	45.1820	-480.09	686.24	-75.06	43.20	60.35	369.58	125.00	350.00	370.28	175.29	-0.7487	-0.7413	-0.7463	-19.41	-19.47	-19.41	-139.20	-137.47	-138.30	43.87	44.18	44.07	29.25	135615	996.71	6000.00	
25008	-985	-398.12630	0.00	560.15	559.18	563.87	557.37	72.76	72.59	73.03	0.7695	54.3470	40.6322	-441.13	633.08	-69.21	44.52	58.70	369.59	125.00	350.00	370.20	161.47	-0.7730	-0.7650	-0.7701	-18.11	-18.18	-18.05	-141.09	-139.74	-140.39	41.85	42.12	42.01	29.34	135615	993.06	6000.00	
25108	-983	-347.90820	-0.00	503.70	504.38	506.25	500.44	67.49	67.32	67.75	0.8067	47.5212	35.3634	-391.78	567.66	-61.60	45.62	54.37	369.52	125.00	350.00	370.22	140.28	-0.8096	-0.8026	-0.8076	-15.87	-15.89	-15.76	-144.39	-143.23	-143.86	38.82	39.07	38.96	29.59	135615	989.21	6000.00	
25208	-986	-301.41100	-0.00	446.44	447.08	448.46	443.76	62.04	61.90	62.28	0.8456	40.5873	30.7194	-347.23	505.27	-54.48	46.39	50.41	369.31	125.00	350.00	370.13	120.22	-0.8479	-0.8418	-0.8464	-13.55	-13.57	-13.47	-148.23	-147.29	-147.70	35.68	35.91	35.82	29.75	135615	985.51	6000.00	
25308	-988	-260.95830	0.00	398.25	398.77	399.80	396.17	57.54	57.42	57.78	0.8790	34.9166	26.6475	-306.76	450.39	-48.29	46.75	47.04	370.14	125.00	350.00	370.30	103.57	-0.8808	-0.8759	-0.8800	-11.64	-11.68	-11.60	-152.08	-151.31	-151.61	33.09	33.31	33.23	29.66	135615	984.49	6000.00	
25408	-991	-225.53450	-0.00	353.69	353.94	354.93	352.20	53.57	53.55	53.85	0.9090	29.8855	23.1053	-272.03	400.27	-42.63	47.00	43.48	369.84	125.00	350.00	370.31	88.53	-0.9107	-0.9065	-0.9096	-9.95	-9.99	-9.94	-155.92	-155.24	-155.33	30.83	31.01	30.99	29.41	135615	985.09	6000.00	
25508	-993	-195.36490	-0.00	312.93	313.64	313.48	311.66	50.34	50.26	50.37	0.9346	25.4963	20.0547	-239.69	355.22	-37.89	47.15	39.74	369.93	125.00	350.00	370.29	76.14	-0.9354	-0.9332	-0.9351	-8.52	-8.51	-8.47	-159.71	-159.21	-159.26	28.99	29.06	29.01	29.25	135615	986.64	6000.00	
25608	-995	-169.44980	0.00	278.20	278.52	278.45	277.62	47.62	47.64	47.68	0.9553	21.9384	17.4270	-212.28	315.95	-33.47	47.09	35.94	369.72	125.00	350.00	370.29	65.30	-0.9561	-0.9547	-0.9556	-7.32	-7.31	-7.30	-163.38	-162.96	-162.88	27.45	27.48	27.49	29.34	135615	988.70	6000.00	
25708	-996	-146.81200	-0.00	244.62	245.50	244.65	243.71	45.28	45.14	45.26	0.9730	18.6492	15.1170	-188.14	280.28	-29.62	47.03	33.29	369.63	125.00	350.00	370.22	55.71	-0.9733	-0.9723	-0.9739	-6.24	-6.22	-6.19	-167.07	-166.99	-167.15	26.05	26.13	26.04	29.59	135615	990.09	6000.00	
25808	-997	-127.45760	-0.00	219.64	219.08	220.13	219.70	43.32	43.56	43.53	0.9840	16.2753	13.1336	-165.75	248.30	-26.26	46.97	30.31	369.85	125.00	350.00	370.18	48.44	-0.9850	-0.9840	-0.9836	-5.41	-5.43	-5.44	-170.60	-170.41	-169.99	25.03	25.02	25.15	29.75	135615	991.84	6000.00	
25908	-998	-110.73730	0.00	194.15	194.02	195.29	193.14	41.83	41.88	42.07	0.9918	13.9867	11.4362	-147.20	220.76	-23.16	46.77	27.04	369.86	125.00	350.00	370.24	42.05	-0.9928	-0.9913	-0.9918	-4.65	-4.69	-4.65	-173.95	-173.55	-173.37	24.08	24.20	24.23	29.66	135616	993.31	6000.00	
26008	-999	-96.68970	0.00	172.47	172.70	172.79	171.91	40.61	40.63	40.70	0.9963	12.1005	9.9887	-130.11	196.32	-20.52	46.48	24.39	369.65	125.00	350.00	370.31	36.60	-0.9967	-0.9962	-0.9964	-4.04	-4.04	-4.02	-176.80	-176.82	-176.38	23.40	23.45	23.46	29.41	135616	994.86	6000.00	
26108	-999	-83.79897	-0.00	153.60	153.90	153.99	152.92	39.52	39.50	39.59	0.9980	10.5001	8.6595	-115.04	173.73	-18.12	46.26	21.79	369.75	125.00	350.00	370.22	31.40	-0.9983	-0.9982	-0.9983	-3.50	-3.51	-3.49	-64.31	-64.26	-63.99	22.76	22.82	22.80	29.25	135616	995.85	6000.00	
26208	-1000	-73.19875	0.00	133.78	133.68	134.34	133.32	38.45	38.58	38.69	0.9968	8.9118	7.5768	-102.24	154.04	-15.98	46.08	19.38	334.67	125.00	350.00	370.17	26.70	-0.9966	-0.9970	-0.9968	-2.96	-2.98	-2.97	176.64	176.37	177.01	22.17	22.24	22.31	29.34	135616	996.65	6000.00	
26308	-1001	-64.16702	0.00	118.50	118.67	118.58	118.23	38.00	37.98	37.99	0.9940	7.7511	6.6335	-90.16	137.25	-14.19	45.76	17.39	369.24	125.00	350.00	370.13	23.26	-0.9943	-0.9945	-0.9942	-2.59	-2.59	-2.58	175.35	175.00	175.47	21.90	21.91	21.90	29.59	135616	997.10	6000.00	
26408	-1001	-55.55735	-0.00	105.36	105.49	105.27	105.31	37.36	37.37	37.38	0.9893	6.7481	5.7493	-79.74	120.98	-12.50	45.61	15.69	369.74	125.00	350.00	370.15	21.16	-0.9895	-0.9896	-0.9894	-2.25	-2.25	-2.25	172.74	172.07	172.65	21.54	21.55	21.56	29.75	135616	997.99	6000.00	
26508	-1002	-49.02346	0.00	93.29	93.24	93.49	93.25	36.82	36.89	36.93	0.9835	5.8610	5.0919	-70.46	107.15	-11.04	45.44	14.05	369.86	125.00	350.00	370.32	18.19	-0.9832	-0.9841	-0.9839	-1.95	-1.96	-1.96	170.32	169.86	170.54	21.23	21.26	21.30	29.66	135616	998.35	6000.00	
26608	-1001	-43.08821	0.00	83.11	83.20	83.09	83.03	36.63	36.66	36.66	0.9798	5.1698	4.4586	-62.47	96.08	-9.78	45.05	12.65	369.82	125.00	350.00	370.28	16.22	-0.9800	-0.9802	-0.9796	-1.72	-1.72	-1.72	169.47	168.61	169.45	21.13	21.13	21.15	29.41	135616	999.01	6000.00	
26708	-1002	-37.42302	-0.00	73.30	73.38	73.00	73.50	36.21	36.20	36.14	0.9704	4.4581	3.8793	-55.53	84.46	-8.67	44.93	10.79	369.51	125.00	350.00	370.15	13.83	-0.9716	-0.9702	-0.9702	-1.49	-1.48	-1.49	166.99	166.02	166.54	20.89	20.86	20.85	29.25	135616	999.85	6000.00	
26808	-1002	-33.22810	0.00	65.90	65.51	65.89	66.28	35.98	36.15	36.02	0.9663	3.9767	3.4559	-48.87	75.30	-7.70	44.74	9.34	369.50	125.00	350.00	370.21	12.76	-0.9671	-0.9650	-0.9678	-1.32	-1.32	-1.34	165.83	164.71	166.20	20.81	20.74	20.84	29.34	135616	1000.01	6000.00	
26908	-1002	-29.25841	0.00	58.65	58.68	58.70	58.57	35.96	35.98	35.99	0.9630	3.5196	3.0288	-43.70	67.63	-6.77	44.37	8.64	369.70	125.00	350.00	370.13	11.11	-0.9631	-0.9636	-0.9631	-1.17	-1.17	-1.17	164.92	164.46	165.04	20.74	20.75	20.76	29.59	135617	1000.00	6000.00	
27008	-1002	-25.35126	-0.00	51.15	51.10	50.73	51.61	35.70	35.71	35.56	0.9510	3.0044	2.6263	-38.33	58.85	-5.97	44.30	7.34	369.78	125.00	350.00	370.16	9.76	-0.9546	-0.9487	-0.9506	-1.01	-0.99	-1.01	163.33	161.56	162.47	20.62	20.54	20.55	29.75	135617	1000.39	6000.00	
27108	-1002	-22.48820	-0.00	44.88	45.12	44.62	44.90	35.65	35.58	35.58	0.9467	2.6200	2.3449	-33.95	51.92	-5.27	44.21	6.64	369.93	125.00	350.00	370.33	8.18	-0.9487	-0.9474	-0.9448	-0.88	-0.87	-0.87	162.08	161.35	161.60	20.55	20.56	20.52	29.66	135617	1000.80	6000.00	
27208	-1003	-20.24704	0.00	40.49	40.86	40.28	40.31	35.69	35.62	35.68	0.9483	2.3713	2.1000	-29.92	47.28	-4.69	43.89	5.99	369.92	125.00	350.00	370.28	7.21	-0.9494	-0.9508	-0.9453	-0.80	-0.79	-0.78	162.26	161.96	162.00	20.56	20.61	20.57	29.41	135617	1001.00	6000.00	
27308	-1002	-17.41022	-0.00	36.09	36.11	35.86	36.31	35.58	35.54	35.40	0.9384	2.0844	1.8020	-27.08	41.44	-4.04	43.66	5.15	369.83	125.00	350.00	370.21	6.69	-0.9421	-0.9369	-0.9382	-0.70	-0.69	-0.70	160.95	159.65	160.61	20.56	20.49	20.45	29.25	135617	1001.00	6000.00	
27408	-1002	-15.25980	-0.00	31.40	31.36	31.15	31.68	35.52	35.53	35.44	0.9353	1.8056	1.5883	-23.87	36.15	-3.58	43.61	4.64	369.70	125.00	350.00	370.16	5.95	-0.9390	-0.9333	-0.9345	-0.60	-0.60	-0.61	160.52	159.00	160.18	20.51	20.47	20.47	29.34	135617	1001.00	6000.00	
27508	-1003	-13.71067	0.00	27.65	27.73	27.31	27.92	35.62	35.57	35.50	0.9347	1.5921	1.4283	-20.26	32.06	-3.25	43.51	3.99	369.68	125.00	350.00	370.08	5.57	-0.9401	-0.9331	-0.9322	-0.54	-0.52	-0.53	160.62	159.46	159.73	20.56	20.52	20.49	29.59	135617	1001.00	6000.00	
27608	-1003	-12.68833	-0.00	25.52	25.62	25.30	25.64	35.60	35.63	35.64	0.9384	1.4776	1.3154	-18.46	29.97	-2.85	43.16	3.15	369.96	125.00	350.00	370.24	5.26	-0.9408	-0.9384	-0.9353	-0.50	-0.49	-0.49	160.75	159.79	160.51	20.55	20.56	20.58	29.75	135617	1001.00	6000.00	
27708	-1002	-10.75718	-0.00	22.07	22.23	21.81	22.16	35.51	35.63	35.69	0.9310	1.2675	1.1146	-16.45	26.09	-2.49	42.94	2.99	369.85	125.00	350.00	370.32	4.51	-0.9335	-0.9316	-0.9259	-0.43	-0.42	-0.42	159.57	158.97	159.17	20.50	20.54	20.62	29.66	135617	1001.00	6000.00	
27808	-1002	-9.47961	0.00	19.89	19.94	19.68	20.06	35.48	35.56	35.54	0.9214	1.1279	0.9851	-14.74	22.77	-2.12	42.87	2.35	369.96	125.00	350.00	370.26	4.25	-0.9252	-0.9199	-0.9180	-0.38	-0.37	-0.38	158.22	157.05	157.87	20.49	20.49	20.54	29.41	135617	1001.00	6000.00	
27908	-1003	-8.55589	0.00	17.52	17.59	17.48	17.48	35.61	35.65	35.70	0.9318	1.0077	0.8960	-12.09	20.41	-1.96	42.70	1.99	369.72	125.00	350.00	370.15	3.35	-0.9318	-0.9339	-0.9293	-0.34	-0.34	-0.33	159.29	159.66	159.53	20.55	20.58	20.60	29.25	135618	1000.34	6000.00	
28008	-1003	-7.88100	0.00	16.10	16.22	15.87	16.20	35.71	35.73	35.77	0.9408	0.9374	0.8181	-10.93	19.13	-1.78	42.41	2.00	369.57	125.00	350.00	370.17	3.20	-0.9448	-0.9412	-0.9356	-0.32	-0.31	-0.31	161.67	161.09	160.94	20.61	20.63	20.65	29.34	135618	1000.79	6000.00	
28108	-1002	-6.67295	0.00	14.41	14.62	14.12	14.48	35.79	35.55	35.49	0.9222	0.8198	0.6917	-10.44	16.37	-1.43	42.28	1.91	316.24	125.00	350.00	370.12	2.80	-0.9304	-0.9233	-0.9151	-0.28	-0.27	-0.27	159.09	158.67	157.62	20.62	20.59	20.45	29.59	135618	1001.00	6000.00	
28208	-1003	-6.04118	0.00	12.44	12.67	12.22	12.43	35.82	35.65	35.65	0.9301	0.7154	0.6301	-8.50	14.59	-1.31	42.13	1.01	368.87	125.00	350.00	370.23	2.59	-0.9357	-0.9335	-0.9225	-0.24	-0.24	-0.24	160.47	160.45	158.43	20.64	20.64	20.55	29.75	135618	1000.05	6000.00	
28308	-1003	-5.80482	0.00	11.36	11.46	11.21	11.42	35.83	35.81	35.80	0.9488	0.6689	0.6037	-7.33	13.85	-1.21	41.83	1.00	369.55	125.00	350.00	370.23	2.30	-0.9525	-0.9488	-0.9445	-0.23	-0.22	-0.22	163.23	163.33	162.75	20.67	20.68	20.67	29.66	135618	1000.00	6000.00	
28408	-1002	-4.91782	0.00	10.62	10.83	10.42	10.61	35.88	35.72	35.70	0.9379	0.6173	0.5104	-7.18	12.11	-0.98	41.61	1.00	369.57	125.00	350.00	370.18	2.60	-0.9440	-0.9411	-0.9301	-0.21	-0.20	-0.20	161.77	162.53	160.35	20.68	20.68	20.58	29.41	135618	1000.95	6000.00	
28508	-1003	-4.59573	0.00	9.29	9.43	9.09	9.35	35.79	35.75	35.78	0.9335	0.5373	0.4774	-6.36	11.08	-0.83	41.37	1.00	369.83	125.00	350.00	370.16	1.97	-0.9400	-0.9354	-0.9250	-0.18	-0.18	-0.18	161.06	160.86	159.74	20.64	20.67	20.64	29.25	135618	1000.05	6000.00	
28608	-1002	-4.26709	0.00	8.67	8.80	8.53	8.68	35.89	35.85	35.86	0.9561	0.5149	0.4365	-5.38	10.43	-0.71	41.07	1.00	369.58	125.00	350.00	370.20	2.04	-0.9603	-0.9574	-0.9501	-0.18	-0.17	-0.17	164.87	165.75	164.00	20.70	20.72	20.69	29.34	135618	1000.09	6000.00	
28708	-1002	-3.55560	0.00	7.60	7.81	7.34	7.63	35.92	35.83	35.82	0.9523	0.4493	0.3699	-4.58	8.79	-0.66	40.91	0.05	369.52	125.00	350.00	370.20	2.07	-0.9609	-0.9552	-0.9416	-0.16	-0.15	-0.15	165.35	165.92	162.67	20.71	20.72	20.66	29.59	135618	1000.99	6000.00	
28808	-1003	-3.43699	0.00	6.82	6.88	6.79	6.78	35.94	35.88	35.89	0.9669	0.4099	0.3577	-3.88	8.37	-0.63	40.65	-0.00	369.70	125.00	350.00	370.28	1.74	-0.9668	-0.9692	-0.9647	-0.14	-0.14	-0.14	167.73	167.65	166.69	20.73	20.74	20.71	29.75	135618	1000.50	6000.00	
28908	-1002	-2.97370	0.00	6.44	6.55	6.37	6.41	35.95	35.93	35.96	0.9742	0.3909	0.3051	-3.45	7.60	-0.54	40.38	0.00	369.82	125.00	350.00	370.22	1.39	-0.9761	-0.9758	-0.9702	-0.13	-0.13	-0.13	168.73	170.56	168.35	20.74	20.76	20.75	29.66	135619	1001.00	6000.00	
29008	-1002	-2.68148	0.00	5.64	5.79	5.53	5.58	35.90	35.85	35.91	0.9568	0.3352	0.2815	-3.40	6.71	-0.43	40.20	-0.00	369.71	125.00	350.00	370.18	1.40	-0.9600	-0.9614	-0.9486	-0.12	-0.11	-0.11	165.08	166.89	164.10	20.70	20.74	20.71	29.41	135619	1001.00	6000.00	
29108	-1002	-2.66611	0.00	5.38	5.49	5.34	5.33	35.91	35.90	35.96	0.9656	0.3235	0.2739	-2.98	6.66	-0.39	39.91	-0.00	369.86	125.00	350.00	370.21	1.34	-0.9665	-0.9695	-0.9604	-0.11	-0.11	-0.11	166.10	168.29	166.24	20.72	20.75	20.75	29.25	135619	1001.00	6000.00	
29208	-1002	-2.10517	0.00	5.07	5.14	5.05	5.01	35.91	35.89	35.95	0.9675	0.3051	0.2151	-2.82	5.71	-0.31	39.67	0.00	369.32	125.00	350.00	370.09	1.40	-0.9686	-0.9700	-0.9634	-0.10	-0.10	-0.10	166.68	169.62	167.62	20.71	20.75	20.74	29.34	135619	1001.00	6000.00	
29308	-1002	-1.83482	0.00	4.14	4.25	4.05	4.12	35.89	35.87	35.91	0.9559	0.2461	0.1937	-2.40	4.97	-0.26	39.52	-0.00	369.69	125.00	350.00	370.18	1.27	-0.9605	-0.9610	-0.9464	-0.08	-0.08	-0.08	164.67	166.85	163.69	20.70	20.73	20.72	29.59	135619	1001.00	6000.00	
29408	-1002	-1.84050	0.00	3.81	3.90	3.74	3.79	35.95	35.93	35.98	0.9760	0.2315	0.1910	-1.96	4.90	-0.24	39.31	-0.00	369.83	125.00	350.00	370.22	1.30	-0.9784	-0.9800	-0.9692	-0.08	-0.08	-0.08	169.25	171.30	168.61	20.74	20.77	20.76	29.75	135619	1001.00	6000.00	
29508	-1002	-1.43961	0.00	3.70	3.79	3.66	3.65	35.97	35.95	36.01	0.9859	0.2272	0.1474	-1.50	4.45	-0.23	39.08	0.00	369.89	125.00	350.00	370.35	1.31	-0.9876	-0.9878	-0.9827	-0.08	-0.08	-0.07	172.86	176.87	172.30	20.75	20.78	20.78	29.66	135619	1001.00	6000.00	
29608	-1002	-1.06269	0.00	2.91	3.07	2.83	2.84	35.95	35.88	35.95	0.9681	0.1756	0.1107	-1.45	3.40	-0.18	39.01	-0.00	369.88	125.00	350.00	370.22	0.63	-0.9722	-0.9768	-0.9571	-0.06	-0.06	-0.06	167.17	173.56	166.26	20.72	20.77	20.73	29.41	135619	1001.00	6000.00	
29708	-1002	-0.99552	0.00	2.50	2.58	2.42	2.51	35.94	35.93	35.97	0.9732	0.1517	0.1046	-1.27	3.19	-0.16	38.84	0.00	369.61	125.00	350.00	370.18	0.77	-0.9788	-0.9762	-0.9654	-0.05	-0.05	-0.05	169.69	173.03	168.02	20.74	20.77	20.76	29.25	135619	1001.00	6000.00	
29808	-1002	-1.01684	0.00	2.37	2.40	2.35	2.36	35.95	35.96	36.01	0.9782	0.1443	0.1064	-1.17	3.14	-0.15	38.67	0.00	369.27	125.00	350.00	370.15	0.82	-0.9829	-0.9784	-0.9743	-0.05	-0.05	-0.05	171.67	175.21	171.33	20.74	20.78	20.78	29.34	135619	1001.00	6000.00	
29908	-1002	-0.93026	0.00	2.34	2.39	2.27	2.35	35.97	35.96	36.00	0.9825	0.1431	0.0974	-0.94	3.07	-0.16	38.47	-0.00	369.34	125.00	350.00	370.21	0.97	-0.9897	-0.9819	-0.9769	-0.05	-0.05	-0.05	175.38	177.92	173.19	20.75	20.78	20.78	29.59	135620	1001.00	6000.00	
30008	-1002	-0.60158	0.00	2.18	2.24	2.13	2.16	35.97	35.93	35.99	0.9697	0.1317	0.0586	-0.89	2.59	-0.11	38.33	0.00	369.90	125.00	350.00	370.25	0.82	-0.9770	-0.9734	-0.9600	-0.05	-0.04	-0.04	172.74	178.40	171.90	20.74	20.78	20.76	29.75	135620	1000.35	6000.00	
30108	-1002	-0.38908	0.00	1.54	1.58	1.57	1.47	35.90	35.89	35.96	0.9325	0.0893	0.0398	-0.87	1.79	-0.11	38.29	-0.00	316.42	125.00	350.00	370.26	0.52	-0.9335	-0.9470	-0.9185	-0.03	-0.03	-0.03	160.23	170.75	164.99	20.71	20.75	20.75	29.66	135620	999.99	6000.00	
30208	-1002	-0.38951	0.00	1.37	1.39	1.34	1.38	35.91	35.92	35.97	0.9339	0.0795	0.0386	-0.76	1.61	-0.08	38.22	-0.00	368.98	125.00	350.00	370.22	0.55	-0.9440	-0.9383	-0.9204	-0.03	-0.03	-0.03	163.84	167.35	162.35	20.72	20.75	20.76	29.41	135620	1000.00	6000.00	
30308	-1002	-0.36720	0.00	1.31	1.29	1.35	1.28	35.93	35.94	35.99	0.9576	0.0779	0.0411	-0.63	1.62	-0.08	38.13	0.00	369.45	125.00	350.00	370.16	0.50	-0.9582	-0.9609	-0.9549	-0.03	-0.03	-0.03	167.67	173.78	171.74	20.73	20.77	20.77	29.25	135620	1000.00	6000.00	
30408	-1002	-0.39425	0.00	1.32	1.38	1.26	1.31	35.94	35.93	35.98	0.9585	0.0788	0.0407	-0.64	1.66	-0.05	38.00	-0.00	369.42	125.00	350.00	370.16	0.87	-0.9651	-0.9713	-0.9431	-0.03	-0.03	-0.03	171.06	177.07	168.86	20.73	20.77	20.76	29.34	135620	1000.00	6000.00	
30508	-1002	-0.39170	0.00	1.30	1.33	1.28	1.29	35.95	35.94	35.99	0.9636	0.0780	0.0401	-0.45	1.64	-0.06	37.85	0.00	369.89	125.00	350.00	370.15	0.79	-0.9734	-0.9662	-0.9520	-0.03	-0.03	-0.03	174.23	119.67	172.57	20.74	20.77	20.77	29.59	135620	1000.00	6000.00	
30608	-1002	-0.29288	0.00	1.27	1.26	1.29	1.27	35.93	35.95	36.00	0.9621	0.0763	0.0310	-0.35	1.64	-0.06	37.76	0.00	370.12	125.00	350.00	370.27	0.54	-0.9681	-0.9701	-0.9496	-0.03	-0.03	-0.03	173.41	30.30	177.02	20.73	20.76	20.78	29.75	135620	1000.00	6000.00	
30708	-1002	-0.08473	0.00	1.12	1.16	1.08	1.13	35.95	35.93	35.98	0.9312	0.0652	0.0081	-0.38	1.33	-0.03	37.68	-0.00	369.97	125.00	350.00	370.25	0.55	-0.9502	-0.9296	-0.9157	-0.02	-0.02	-0.02	175.24	-166.16	173.06	20.74	20.77	20.76	29.66	135620	1000.00	6000.00	
30808	-1002	0.04078	0.00	0.80	0.89	0.70	0.78	35.94	35.91	35.96	0.8473	0.0423	-0.0092	-0.36	0.79	-0.02	37.66	-0.09	369.95	125.00	350.00	370.20	0.47	-0.9124	-0.8412	-0.7927	-0.02	-0.01	-0.01	172.01	-32.30	158.61	20.73	20.77	20.75	29.41	135620	1000.00	6000.00	
30908	-1002	0.12101	0.00	0.56	0.63	0.48	0.55	35.93	35.91	35.96	0.7729	0.0270	-0.0104	-0.25	0.66	-0.03	37.60	-0.99	369.76	125.00	350.00	370.15	0.43	-0.8756	-0.7064	-0.7277	-0.01	-0.01	-0.01	112.87	178.39	152.31	20.73	20.76	20.75	29.25	135621	1000.00	6000.00	
31008	-1002	0.14587	0.00	0.55	0.65	0.48	0.51	35.95	35.91	35.99	0.7699	0.0265	-0.0135	-0.30	0.70	-0.02	37.58	-0.35	369.59	125.00	350.00	370.12	0.51	-0.8860	-0.7300	-0.6836	-0.01	-0.01	-0.01	21.73	-149.53	153.45	20.73	20.78	20.76	29.34	135621	1000.00	6000.00	
31108	-1002	0.15388	0.00	0.51	0.59	0.42	0.52	35.95	35.92	35.96	0.7867	0.0251	-0.0134	-0.16	0.65	-0.02	37.51	0.01	369.83	125.00	350.00	370.24	0.69	-0.8532	-0.7604	-0.7556	-0.01	-0.01	-0.01	12.18	-172.53	163.03	20.73	20.76	20.75	29.59	135621	1000.00	6000.00	
31208	-1002	0.12210	0.00	0.53	0.55	0.51	0.53	35.93	35.94	35.98	0.7760	0.0256	-0.0111	-0.17	0.62	-0.03	37.44	0.00	369.96	125.00	350.00	370.31	0.69	-0.8274	-0.7491	-0.7520	-0.01	-0.01	-0.01	-3.34	-0.63	28.40	20.73	20.76	20.77	29.75	135621	1000.00	6000.00	
31308	-1002	0.13833	0.00	0.54	0.62	0.47	0.51	35.94	35.91	35.98	0.7596	0.0255	-0.0128	-0.15	0.63	-0.02	37.38	-0.00	369.85	125.00	350.00	370.29	0.54	-0.8689	-0.7429	-0.6583	-0.01	-0.01	-0.01	60.87	-157.22	154.58	20.73	20.77	20.76	29.66	135621	1000.00	6000.00	
31408	-1001	0.11121	0.00	0.54	0.55	0.48	0.57	35.94	35.93	35.98	0.7651	0.0257	-0.0114	-0.13	0.68	-0.02	37.31	-0.65	369.78	125.00	350.00	370.20	0.61	-0.8700	-0.7223	-0.7080	-0.01	-0.01	-0.01	-165.51	-175.44	160.65	20.73	20.76	20.76	29.41	135621	1000.00	6000.00	
31508	-1001	0.13897	0.00	0.55	0.61	0.45	0.59	35.93	35.93	35.97	0.7738	0.0267	-0.0131	-0.09	0.58	-0.02	37.25	-1.01	369.30	125.00	350.00	370.15	0.68	-0.8263	-0.7720	-0.7389	-0.01	-0.01	-0.01	-38.79	-82.84	163.94	20.73	20.76	20.76	29.25	135621	1000.00	6000.00	
31608	-1001	0.15370	0.00	0.56	0.55	0.49	0.63	35.94	35.94	35.96	0.7607	0.0265	-0.0156	-0.12	0.65	-0.01	37.16	-1.00	369.36	125.00	350.00	370.13	0.64	-0.8221	-0.7396	-0.7348	-0.01	-0.01	-0.01	-116.05	122.00	161.13	20.74	20.76	20.76	29.34	135621	1000.00	6000.00	
31708	-1001	0.21974	0.00	0.48	0.47	0.43	0.53	35.93	35.93	35.96	0.6033	0.0180	-0.0241	-0.15	0.41	0.00	37.14	-1.00	369.71	125.00	350.00	370.25	0.53	-0.7319	-0.5598	-0.5296	-0.01	-0.01	-0.01	-168.00	15.12	98.06	20.73	20.75	20.76	29.59	135621	1000.00	6000.00	
31808	-1001	0.30373	0.00	0.48	0.44	0.45	0.55	35.93	35.90	35.96	0.3902	0.0117	-0.0312	-0.13	0.30	0.00	37.07	-0.05	369.73	125.00	350.00	370.28	0.36	-0.5473	-0.3764	-0.2773	-0.01	-0.00	-0.00	-29.50	-60.99	138.57	20.72	20.76	20.74	29.75	135621	1000.00	6000.00	
31908	-1001	0.38220	0.00	0.42	0.40	0.36	0.50	35.94	35.94	35.97	0.2416	0.0064	-0.0383	-0.20	0.19	-0.00	37.05	-0.26	369.60	125.00	350.00	370.25	0.54	-0.4047	-0.1480	-0.1763	-0.00	-0.00	-0.00	71.23	2.34	114.07	20.74	20.76	20.76	29.66	135622	1000.00	6000.00	
32008	-1001	0.37194	0.00	0.40	0.34	0.36	0.48	35.90	35.91	35.95	-0.0092	-0.0001	-0.0381	-0.15	0.14	0.00	37.07	-0.96	369.79	125.00	350.00	370.20	0.42	0.0531	-0.0615	0.0272	0.00	-0.00	0.00	89.96	32.25	38.30	20.72	20.74	20.75	29.41	135622	1000.00	6000.00	
32108	-1001	0.40400	0.00	0.44	0.40	0.45	0.47	35.92	35.96	35.97	0.0819	0.0023	-0.0420	-0.01	0.10	0.02	37.06	-1.00	316.21	125.00	350.00	370.11	0.51	0.0863	-0.1108	-0.1937	0.00	-0.00	-0.00	-46.28	-52.79	-109.69	20.74	20.75	20.77	29.25	135622	1000.00	6000.00	
32208	-1001	0.45539	0.00	0.42	0.36	0.41	0.48	35.92	35.94	35.99	-0.2716	-0.0073	-0.0477	-0.00	0.00	0.02	37.05	-0.91	369.07	125.00	350.00	370.15	0.54	0.3686	0.1653	0.2940	0.00	0.00	0.00	-44.45	-76.88	-32.43	20.73	20.76	20.77	29.34	135622	1000.00	6000.00	
32308	-1001	0.45243	0.00	0.41	0.38	0.36	0.47	35.89	35.94	35.96	-0.2926	-0.0075	-0.0457	0.05	-0.02	0.00	37.07	-0.01	369.88	125.00	350.00	370.22	0.76	0.5082	0.2258	0.1786	0.00	0.00	0.00	-13.13	-63.04	-48.13	20.72	20.74	20.76	29.59	135622	1000.00	6000.00	
32408	-1001	0.45037	0.00	0.43	0.36	0.38	0.52	35.92	35.95	36.00	-0.2620	-0.0070	-0.0451	0.08	-0.02	0.01	37.05	-0.65	369.71	125.00	350.00	370.30	0.26	0.4476	0.0499	0.3018	0.00	0.00	0.00	-31.23	-97.15	-47.34	20.73	20.77	20.78	29.75	135622	1000.00	6000.00	
32508	-1001	0.45267	0.00	0.46	0.39	0.43	0.54	35.90	35.90	35.95	-0.3730	-0.0108	-0.0450	0.10	0.04	-0.00	37.05	-1.01	369.69	125.00	350.00	370.26	0.45	0.5066	0.2719	0.3656	0.00	0.00	0.00	-17.16	-54.72	-43.26	20.71	20.75	20.75	29.66	135622	1000.00	6000.00	
32608	-1001	0.45510	0.00	0.44	0.39	0.41	0.50	35.94	35.95	35.99	-0.1406	-0.0038	-0.0453	-0.03	0.07	-0.01	36.99	-0.35	369.66	125.00	350.00	370.14	0.40	0.1163	0.1075	0.1958	0.00	0.00	0.00	-82.57	-88.83	-58.51	20.74	20.77	20.77	29.41	135622	1000.00	6000.00	
32708	-1001	0.44580	0.00	0.46	0.38	0.40	0.56	35.91	35.93	35.99	-0.4033	-0.0115	-0.0440	0.02	0.03	-0.01	37.01	-0.34	369.86	125.00	350.00	370.17	0.46	0.4583	0.2676	0.4620	0.00	0.00	0.01	26.28	-52.76	-16.88	20.72	20.76	20.77	29.25	135622	1000.00	6000.00	
32808	-1001	0.42843	0.00	0.42	0.35	0.39	0.52	35.91	35.91	35.99	-0.2118	-0.0056	-0.0444	0.01	0.05	-0.01	37.02	-1.01	369.45	125.00	350.00	370.19	0.57	0.1830	0.0090	0.3990	0.00	0.00	0.00	-13.80	-87.83	-41.76	20.71	20.76	20.76	29.34	135622	1000.00	6000.00	
32908	-1001	0.43957	0.00	0.45	0.34	0.43	0.54	35.90	35.89	35.96	-0.3039	-0.0085	-0.0462	-0.03	0.00	0.00	37.03	-0.24	369.58	125.00	350.00	370.25	0.65	0.2988	0.1748	0.4267	0.00	0.00	0.00	39.25	-14.52	-33.65	20.71	20.75	20.75	29.59	135623	1000.00	6000.00	
33008	-1001	0.41572	0.00	0.42	0.41	0.40	0.45	35.91	35.92	35.99	-0.2001	-0.0053	-0.0425	0.02	0.04	0.01	37.02	-0.99	369.67	125.00	350.00	370.28	0.67	0.1860	0.0975	0.3158	0.00	0.00	0.00	-49.11	-37.88	-21.13	20.72	20.76	20.77	29.75	135623	1000.00	6000.00	
33108	-1001	0.45754	0.00	0.44	0.37	0.42	0.52	35.90	35.90	35.97	-0.1695	-0.0046	-0.0466	0.01	0.02	0.02	37.01	-1.00	369.50	125.00	350.00	370.20	0.38	0.1399	-0.0056	0.3250	0.00	-0.00	0.00	2.07	-57.93	-43.58	20.71	20.75	20.75	29.66	135623	999.91	6000.00	
33208	-1001	0.42667	0.00	0.40	0.38	0.38	0.45	35.91	35.93	35.97	-0.1204	-0.0029	-0.0427	-0.02	0.04	0.00	37.00	-0.14	370.12	125.00	350.00	370.19	0.64	0.0606	0.1443	0.1813	0.00	0.00	0.00	-33.45	-53.68	-56.13	20.72	20.75	20.76	29.41	135623	999.01	6000.00	
33308	-1001	0.42126	0.00	0.45	0.37	0.43	0.53	35.90	35.89	35.96	-0.1665	-0.0048	-0.0444	0.05	0.04	-0.01	37.00	-0.99	369.81	125.00	350.00	370.13	0.75	0.1834	0.0067	0.2710	0.00	-0.00	0.00	-50.06	-124.86	-46.94	20.71	20.75	20.75	29.25	135623	999.00	6000.00	
33408	-1001	0.46006	0.00	0.43	0.41	0.41	0.46	35.92	35.91	35.96	-0.1698	-0.0047	-0.0465	0.05	0.03	-0.02	37.03	-0.44	369.50	125.00	350.00	370.15	0.46	0.0181	0.1591	0.3134	0.00	0.00	0.00	-94.15	-87.50	-39.00	20.72	20.75	20.75	29.34	135623	999.00	6000.00	
33508	-1001	0.45812	0.00	0.51	0.47	0.50	0.54	35.93	35.91	35.96	-0.2623	-0.0084	-0.0455	0.01	0.03	-0.00	37.01	-0.39	369.49	125.00	350.00	370.27	0.18	0.1562	0.2665	0.3539	0.00	0.00	0.00	-69.13	-56.79	-34.84	20.72	20.76	20.75	29.59	135623	999.00	6000.00	
33608	-1001	0.42344	0.00	0.43	0.39	0.42	0.47	35.92	35.90	35.98	-0.1830	-0.0049	-0.0450	0.03	-0.02	-0.01	37.01	-1.00	369.91	125.00	350.00	370.30	0.35	0.0586	0.0790	0.3848	0.00	0.00	0.00	-69.65	-99.91	-25.91	20.71	20.76	20.75	29.75	135623	999.00	6000.00	
33708	-1001	0.43185	0.00	0.43	0.40	0.37	0.52	35.89	35.88	35.95	-0.2979	-0.0080	-0.0457	0.01	0.05	0.01	37.01	-0.35	369.74	125.00	350.00	370.24	0.67	0.3385	0.1228	0.3980	0.00	0.00	0.00	-3.61	-59.02	-30.97	20.70	20.74	20.74	29.66	135623	999.00	6000.00	
33808	-1001	0.43750	0.00	0.43	0.37	0.41	0.50	35.92	35.90	35.98	-0.3187	-0.0088	-0.0446	-0.04	0.02	0.01	36.98	-0.74	369.61	125.00	350.00	370.18	0.82	0.2019	0.1347	0.5663	0.00	0.00	0.01	-38.88	-88.98	-24.21	20.71	20.77	20.75	29.41	135623	999.00	6000.00	
33908	-1001	0.44116	0.00	0.44	0.38	0.39	0.54	35.91	35.90	35.96	-0.3110	-0.0084	-0.0477	0.00	-0.02	-0.01	37.02	-0.74	369.38	125.00	350.00	370.17	0.20	0.2426	0.2622	0.4047	0.00	0.00	0.00	-51.77	-49.29	-38.66	20.72	20.75	20.74	29.25	135624	999.00	6000.00	
34008	-1001	0.42688	0.00	0.43	0.36	0.37	0.53	35.91	35.89	35.95	-0.2899	-0.0077	-0.0472	-0.03	0.03	0.01	37.02	-0.39	369.59	125.00	350.00	370.15	0.46	0.2456	0.2300	0.3798	0.00	0.00	0.00	-61.63	-64.66	-42.29	20.71	20.75	20.74	29.34	135624	999.00	6000.00	
34108	-1001	0.44544	0.00	0.46	0.40	0.45	0.51	35.94	35.90	35.98	-0.2089	-0.0060	-0.0454	-0.05	0.05	0.00	37.01	-1.00	316.17	125.00	350.00	370.25	0.44	0.0530	0.1453	0.4037	0.00	0.00	0.00	-97.22	-85.05	-30.88	20.72	20.77	20.75	29.59	135624	999.00	6000.00	
34208	-1001	0.45185	0.00	0.48	0.39	0.46	0.57	35.93	35.90	35.94	-0.2460	-0.0073	-0.0464	0.00	-0.02	-0.01	37.00	-0.35	369.26	125.00	350.00	370.29	0.22	0.1530	0.2599	0.3100	0.00	0.00	0.00	-89.58	-41.73	-42.40	20.72	20.75	20.74	29.75	135624	999.00	6000.00	
34308	-1001	0.44368	0.00	0.46	0.43	0.43	0.52	35.90	35.87	35.97	-0.2455	-0.0070	-0.0461	0.02	0.01	-0.01	37.00	-0.64	370.25	125.00	350.00	370.20	0.62	0.0654	0.0978	0.5228	0.00	0.00	0.01	-114.77	-95.17	-12.58	20.69	20.76	20.74	29.66	135624	999.00	6000.00	
34408	-1001	0.40082	0.00	0.44	0.39	0.41	0.51	35.93	35.88	35.95	-0.1529	-0.0040	-0.0441	-0.03	0.01	-0.01	36.98	-0.92	370.05	125.00	350.00	370.17	0.49	-0.0475	0.1606	0.3089	-0.00	0.00	0.00	-87.95	-60.36	-29.39	20.72	20.76	20.73	29.41	135624	999.00	6000.00	
34508	-1001	0.42453	0.00	0.43	0.38	0.40	0.49	35.90	35.90	35.97	-0.1972	-0.0055	-0.0462	-0.01	0.01	-0.00	36.98	-0.10	369.86	125.00	350.00	370.14	0.69	0.0988	0.1123	0.3675	0.00	0.00	0.00	-74.74	-64.82	-23.45	20.71	20.75	20.75	29.25	135624	999.00	6000.00	
34608	-1001	0.41739	0.00	0.46	0.36	0.45	0.54	35.91	35.86	35.96	-0.1261	-0.0036	-0.0461	-0.01	-0.01	-0.01	37.02	-0.99	369.90	125.00	350.00	370.20	0.35	-0.1412	0.0740	0.3464	-0.00	0.00	0.00	-8.83	-66.22	-23.58	20.70	20.76	20.73	29.34	135624	999.00	6000.00	
34708	-1001	0.45500	0.00	0.47	0.39	0.47	0.53	35.93	35.90	35.98	-0.2789	-0.0082	-0.0476	-0.03	-0.00	-0.00	37.00	-0.65	369.92	125.00	350.00	370.23	0.51	0.0724	0.2141	0.4915	0.00	0.00	0.01	-66.61	-76.67	-15.47	20.72	20.77	20.75	29.59	135624	999.00	6000.00	
